0.00130208 0 0 0 0 0 0 0 0.998698 
0.0203993 0.00477431 0.00542535 0.00173611 0.00325521 0.000868056 0.000868056 0.000868056 0.961806 
0.0447049 0.0182292 0.00434028 0 0.00173611 0 0.000434028 0.00217014 0.928385 
0.0677083 0.0269097 0.00954861 0.00434028 0.00303819 0.00217014 0.00694444 0.00607639 0.873264 
0.0755536 0.0156318 0.0156318 0.00390795 0.0121581 0.00521059 0.0165002 0.0195397 0.835866 
0.0503472 0.0112847 0.0203993 0.0117188 0.0451389 0.00954861 0.0438368 0.0512153 0.75651 
0.0557968 0.00347373 0.0138949 0.0121581 0.0846722 0.0238819 0.0540599 0.0547112 0.697351 
0.0546875 0.00217014 0.015191 0.00737847 0.102865 0.0303819 0.0512153 0.0716146 0.664497 
0.0338689 0.0104212 0.0199739 0.0314807 0.175206 0.0544941 0.0484151 0.0625271 0.563613 
0.0456522 0.03 0.0321739 0.0678261 0.21913 0.0291304 0.0330435 0.0147826 0.528261 
0.0361027 0.060896 0.0413223 0.0421923 0.23445 0.0178338 0.0030448 0.00782949 0.556329 
0.0243372 0.0465015 0.0569318 0.0525858 0.220774 0.0221643 0.00825728 0.00782269 0.560626 
0.0255459 0.0576419 0.0639738 0.0524017 0.195852 0.0436681 0.0478166 0.019214 0.493886 
0.0348129 0.00391645 0.0184943 0.0208877 0.313098 0.0456919 0.0430809 0.0165361 0.503481 
0.0347826 0.0113043 0.0291304 0.0186957 0.282609 0.0695652 0.0569565 0.0308696 0.466087 
0.0431561 0.0113339 0.0178727 0.0178727 0.282694 0.0468614 0.0834786 0.0359634 0.460767 
0.0451389 0.0108507 0.015625 0.0212674 0.290582 0.0501302 0.0713976 0.046658 0.448351 
0.0499783 0.00434594 0.0104302 0.0204259 0.317036 0.0343329 0.0432421 0.0721425 0.448066 
0.0639687 0.00565709 0.0143603 0.0265448 0.317668 0.0295909 0.0282855 0.0430809 0.470844 
0.0457915 0.0274749 0.0300916 0.071304 0.293066 0.035543 0.0270388 0.0231138 0.446577 
0.0496949 0.0440279 0.0496949 0.097646 0.259372 0.0370532 0.0318221 0.0287707 0.401918 
0.041978 0.0650549 0.0485714 0.112967 0.247473 0.041978 0.0351648 0.0292308 0.377582 
0.0574561 0.0620614 0.0414474 0.0986842 0.259868 0.0289474 0.0342105 0.0291667 0.388158 
0.049216 0.0513937 0.0365854 0.0792683 0.297909 0.0287456 0.0235192 0.0317944 0.401568 
0.0662598 0.0337838 0.0248474 0.054272 0.355275 0.0353095 0.0244115 0.0252833 0.380558 
0.0680823 0.0236427 0.0214536 0.0343695 0.368651 0.0514448 0.0269264 0.030648 0.374781 
0.0418493 0.0267309 0.0157756 0.0488606 0.356705 0.0613497 0.0251972 0.0383436 0.385188 
0.03878 0.0283224 0.0154684 0.0416122 0.390196 0.0664488 0.0283224 0.0270153 0.363834 
0.0330578 0.023271 0.0215311 0.0341453 0.394954 0.060896 0.0263158 0.0295781 0.376251 
0.0609703 0.0244755 0.0255682 0.0432692 0.378059 0.0664336 0.0218531 0.0249126 0.354458 
0.0622815 0.0373689 0.048951 0.065778 0.369974 0.0603147 0.0227273 0.0380245 0.29458 
0.0694686 0.0476916 0.0315767 0.0966899 0.380009 0.0270035 0.0289634 0.0437718 0.274826 
0.087146 0.0453159 0.0348584 0.103268 0.39695 0.0239651 0.0230937 0.0309368 0.254466 
0.0901747 0.0502183 0.0325328 0.0689956 0.421834 0.0220524 0.0222707 0.0368996 0.255022 
0.0930283 0.0496732 0.0339869 0.0575163 0.419608 0.027451 0.0237473 0.0309368 0.264052 
0.0466491 0.0420499 0.0304424 0.0573806 0.507227 0.0258432 0.021901 0.022339 0.246167 
0.0473707 0.0356367 0.0310734 0.0499783 0.540852 0.0191221 0.0147762 0.0239027 0.237288 
0.0337571 0.0243314 0.0284963 0.0703639 0.575186 0.016221 0.0105217 0.0131521 0.22797 
0.0034904 0.0026178 0.0128709 0.118674 0.619764 0.0095986 0.0030541 0.0021815 0.227749 
0.00391645 0.00217581 0.0132724 0.103133 0.638164 0.00826806 0.00435161 0.00174064 0.224978 
0.00586957 0.00434783 0.011087 0.0717391 0.676739 0.00913044 0.005 0.000869565 0.215217 
0.00738168 0.00868433 0.0132436 0.0985671 0.656752 0.0108554 0.0026053 0.00217108 0.199739 
0.00890143 0.00564481 0.0128094 0.0816327 0.688667 0.00434216 0.00217108 0.00173686 0.194095 
0.00607639 0.0108507 0.00499132 0.0451389 0.727214 0.0130208 0.00651042 0.00260417 0.183594 
0.0108601 0.00608167 0.00760209 0.0373588 0.743484 0.00825369 0.00608167 0.00390964 0.176368 
0.00391304 0.0026087 0.00586957 0.0452174 0.751087 0.0121739 0.00434783 0.00130435 0.173478 
0.00217297 0.00217297 0.00434594 0.0958279 0.700565 0.0184702 0.00130378 0.000434594 0.174707 
0.000870322 0.000870322 0.00456919 0.125109 0.691253 0.00543951 0 0 0.171889 
0.000434783 0 0.0023913 0.173043 0.632391 0.00434783 0.00217391 0 0.185217 
0.000434028 0.000434028 0.00434028 0.259549 0.539062 0.00477431 0 0 0.191406 
0.000434216 0.000434216 0.00911854 0.286148 0.495007 0.0026053 0.000434216 0 0.205819 
0 0.000868432 0.0479809 0.339557 0.304603 0.00347373 0 0 0.303517 
0.0968723 0.161599 0.140747 0.173328 0.0955691 0.0091225 0 0.00955691 0.313206 
0.122502 0.146829 0.130973 0.149435 0.0779757 0.016073 0.00608167 0.0169418 0.333189 
0.115769 0.114248 0.0968723 0.152042 0.127281 0.0549522 0.0384448 0.0666811 0.23371 
0.0360243 0.0203993 0.0271267 0.0449219 0.203993 0.120443 0.0683594 0.0590278 0.419705 
0.0976562 0.0562066 0.0377604 0.101562 0.159505 0.0638021 0.0553385 0.078342 0.349826 
0.0976562 0.046658 0.0570747 0.118273 0.153212 0.0421007 0.0188802 0.0529514 0.413194 
0.129179 0.0399479 0.0332175 0.038211 0.0677377 0.0156318 0.0377768 0.0455927 0.592705 
0.0403646 0.0598958 0.062066 0.0347222 0.0108507 0.00347222 0.00303819 0.00390625 0.781684 
0.0955691 0.0297567 0.0338836 0.0191138 0.0349696 0.00434405 0.00760209 0.014987 0.759774 
0.0494792 0.00868056 0.00954861 0.00390625 0.0217014 0.00651042 0.0169271 0.0212674 0.861979 
0.00607639 0.00303819 0.0104167 0.00651042 0.0490451 0.00607639 0.00390625 0.00347222 0.911458 
0.00390625 0.00173611 0.0062934 0.0414497 0.47895 0.0436198 0.00954861 0 0.414497 
0.0234375 0.0123698 0.00824653 0.00412326 0.0190972 0.00347222 0.00477431 0.00477431 0.919705 
0.0121528 0.00564236 0.0130208 0.016059 0.0351562 0.00651042 0.00651042 0.00260417 0.902344 
0.016059 0.00260417 0.00911458 0.00824653 0.0460069 0.0138889 0.0143229 0.00347222 0.886285 
0.0429688 0.00130208 0.000434028 0.000868056 0.00564236 0.00347222 0.00434028 0.015191 0.925781 
0.150763 0.0989107 0.0993464 0.120915 0.12244 0.101525 0.0823529 0.1122 0.111547 
0.115652 0.0182609 0.0208696 0.0547826 0.0495652 0.0123913 0.0178261 0.0436957 0.666957 
0.312337 0.0562554 0.0165074 0.0108601 0.0186794 0.00781929 0.0217202 0.0566898 0.499131 
0.167173 0.038211 0.0186713 0.00130265 0.0147634 0.00303951 0.0165002 0.0516717 0.688667 
0.0736383 0.0139434 0.0217865 0.0265795 0.124183 0.020915 0.0230937 0.0309368 0.664924 
0.427826 0.0595652 0.016087 0.0165217 0.0282609 0.0228261 0.0186957 0.028913 0.381304 
0.104936 0.0998221 0.100267 0.101823 0.142508 0.120276 0.112939 0.106714 0.110716 
0.0377604 0.00347222 0.00173611 0.00520833 0.0208333 0.00607639 0.00868056 0.0112847 0.904948 
0.0516493 0.0112847 0.00477431 0.00607639 0.0164931 0.00260417 0.00260417 0.00607639 0.898438 
0.0507812 0.0108507 0.0147569 0.00303819 0.031467 0.0169271 0.0180122 0.0212674 0.832899 
0.0199653 0.0117188 0.0134549 0.00824653 0.0638021 0.0195312 0.0117188 0.015191 0.836372 
0.0364583 0.0117188 0.00672743 0.0128038 0.57053 0.0136719 0.00651042 0.00911458 0.332465 
0.0477431 0.00868056 0.00477431 0.0121528 0.627604 0.00998264 0.00390625 0.00651042 0.278646 
0.0351562 0.00651042 0.00412326 0.0338542 0.608724 0.0505642 0.0125868 0.0141059 0.234375 
0.0277778 0.00911458 0.00607639 0.00607639 0.639757 0.016059 0.00477431 0.00868056 0.281684 
0.032132 0.00955276 0.00694746 0.00738168 0.671733 0.0330004 0.00651324 0.00651324 0.226227 
0.0521286 0.00499566 0.00173762 0.00608167 0.665943 0.0295395 0.00304083 0.0106429 0.225891 
0.0287081 0.00434972 0.00217486 0.0030448 0.558504 0.0330578 0.00434972 0.0365376 0.329274 
0.0393649 0.00347977 0.0030448 0.00543715 0.417573 0.0337103 0.00369726 0.0230535 0.470639 
0.0530204 0.00260756 0.00195567 0.00304216 0.443503 0.025641 0.00217297 0.0069535 0.461104 
0.0591304 0.00130435 0.00173913 0.00565217 0.42913 0.043913 0.00130435 0.0026087 0.455217 
0.0543242 0.00347675 0.00173837 0.00434594 0.542373 0.0473707 0.00173837 0.00260756 0.342025 
0.050391 0.00781929 0.00847089 0.0360556 0.384448 0.0903562 0.0154214 0.00781929 0.399218 
0.0191554 0.024815 0.00391815 0.00457118 0.647801 0.034175 0.00609491 0.0130605 0.246408 
0.0191138 0.0178106 0.00434405 0.00760209 0.600348 0.049305 0.00260643 0.00173762 0.297133 
0.0199739 0.0117238 0.00434216 0.00955276 0.627877 0.0356057 0.0026053 0.00173686 0.286583 
0.0260756 0.00347675 0.00434594 0.00847458 0.701869 0.0284659 0.00130378 0.00391134 0.222077 
0.0108601 0 0.00173762 0.00499566 0.661599 0.0301911 0.00434405 0.00999131 0.276282 
0.00868433 0.000434216 0.00217108 0.00477638 0.651324 0.0590534 0.00390795 0.00955276 0.260096 
0.0104212 0.000434216 0.00303951 0.00455927 0.683022 0.0410334 0.00347373 0.00390795 0.250109 
0.0147569 0.00260417 0 0.00195312 0.693142 0.0401476 0.00477431 0.00173611 0.240885 
0.0138889 0.000868056 0.000434028 0.00238715 0.704861 0.0401476 0.00694444 0.00173611 0.228733 
0.0125868 0.00173611 0.00282118 0.0373264 0.557075 0.0881076 0.0130208 0.00303819 0.284288 
0.0128261 0.000434783 0.000434783 0.00804348 0.680435 0.0167391 0.005 0.00173913 0.274348 
0.0130265 0 0.000434216 0.00521059 0.725575 0.0151976 0.000868432 0.000868432 0.238819 
0.00956938 0.00173989 0.000434972 0.00347977 0.732057 0.0252284 0.000434972 0.000434972 0.22662 
0.00260983 0.0060896 0.00130492 0.00848195 0.671161 0.0306655 0.000434972 0.00260983 0.276642 
0.00131119 0.00174825 0.000437063 0.00393357 0.767045 0.027972 0.00218531 0.000874126 0.194493 
0.000876424 0.000438212 0.00219106 0.00635408 0.75241 0.0352761 0.00306748 0.00131464 0.198072 
0.00175824 0.000879121 0.000879121 0.00945055 0.714725 0.0716484 0.00307692 0.00197802 0.195604 
0.00438212 0.000438212 0.00131464 0.00284838 0.686021 0.068142 0.00284838 0.00482033 0.229185 
0.00832968 0.000876808 0.00175362 0.0223586 0.544498 0.146865 0.00613766 0.00526085 0.263919 
0.0113985 0 0.000438404 0.00460324 0.763262 0.0304691 0.00569925 0.000438404 0.183691 
0.0118059 0.000437254 0.000437254 0.0024049 0.703104 0.0496283 0.00218627 0.00262352 0.227372 
0.0126693 0.000873744 0.00174749 0.0078637 0.678899 0.0537353 0.00218436 0.00131062 0.240716 
0.00702988 0.00659051 0.00219684 0.0081283 0.734622 0.0542619 0.00219684 0.00219684 0.182777 
0.00393013 0.00655022 0 0.00393013 0.679039 0.0606987 0.00218341 0 0.243668 
0.0109314 0.00306078 0.00174902 0.00306078 0.658067 0.0673371 0.00131176 0.00131176 0.25317 
0.0131521 0.00306883 0.00131521 0.00175362 0.612451 0.0933801 0.00175362 0.000438404 0.272687 
0.0249235 0.000874508 0.00262352 0.00437254 0.658505 0.0411019 0.00262352 0.00174902 0.263227 
0.00874891 0.000874891 0.00153106 0.00306212 0.666885 0.0586177 0.00306212 0.0174978 0.23972 
0.00833333 0.00131579 0.00614035 0.0269737 0.535526 0.122149 0.0171053 0.025 0.257456 
0.00654165 0.00479721 0.00370693 0.00894025 0.656563 0.0272569 0.00174444 0.023986 0.266463 
0.00717703 0.00369726 0.0060896 0.00869943 0.664637 0.0208786 0.00326229 0.0219661 0.263593 
0.0169565 0.00173913 0.00847826 0.00608696 0.681957 0.013913 0.00130435 0.0147826 0.254783 
0.0247934 0.0030448 0.00956938 0.0321879 0.673336 0.00565463 0.00130492 0.00347977 0.246629 
0.0221836 0.0030448 0.00739452 0.045672 0.665507 0.00695955 0.00260983 0.00217486 0.244454 
0.0343927 0.00239443 0.0017414 0.0100131 0.703091 0.00696561 0.00130605 0.00326513 0.236831 
0.0376414 0.00130548 0.000652742 0.0102263 0.661445 0.0128372 0.00478677 0.00304613 0.268059 
0.039548 0.000434594 0.000434594 0.00586701 0.565406 0.0380269 0.00651891 0.00782269 0.335941 
0.0283595 0.0152705 0.0021815 0.0126527 0.618237 0.0628272 0.0100349 0.0152705 0.235166 
0.0288967 0.0260508 0.00897548 0.0610771 0.593914 0.0774956 0.00700525 0.00481611 0.191769 
0.0310299 0.00748239 0.00264085 0.0193662 0.673856 0.034331 0.0147447 0.0167254 0.199824 
0.0206412 0.00570927 0.00241546 0.0111989 0.70224 0.0436978 0.0133948 0.0171278 0.183575 
0.0496922 0.00747581 0.00175901 0.0325418 0.64204 0.0219877 0.0101143 0.0233069 0.211082 
0.0590171 0.00745941 0.00614305 0.0408074 0.405002 0.109697 0.00855638 0.0438789 0.319438 
0.0345431 0.00787057 0.00918233 0.0426323 0.331001 0.12746 0.0271098 0.0765195 0.343682 
0.0606127 0.0122538 0.0199125 0.0641138 0.302188 0.175711 0.0387309 0.068709 0.257768 
0.112495 0.00393185 0.0078637 0.0179118 0.274792 0.156619 0.0364788 0.042595 0.347313 
0.123198 0.00655308 0.008519 0.0393185 0.330931 0.159895 0.0323285 0.013543 0.285714 
0.129904 0.00697472 0.00784656 0.021796 0.221011 0.0296425 0.00784656 0.0209241 0.554054 
0.11567 0.0109123 0.00567438 0.0233522 0.201222 0.0534701 0.00349192 0.0288084 0.557398 
0.115872 0.00306078 0.00459117 0.0190206 0.172497 0.0828596 0.0183647 0.0306078 0.553126 
0.108155 0.00392499 0.00414304 0.00806803 0.178151 0.0878761 0.00828609 0.0331444 0.568251 
0.0931907 0.0072021 0.00349192 0.00785683 0.292012 0.100829 0.0067656 0.0360105 0.452641 
0.0880942 0.00174444 0.00261666 0.0148277 0.301352 0.0994331 0.00392499 0.0444832 0.443524 
0.043611 0.00043611 0.00174444 0.00588748 0.259703 0.125818 0.0146097 0.0580026 0.490188 
0.0309773 0.0008726 0.0113438 0.0220332 0.246728 0.0975131 0.0412304 0.0676265 0.481675 
0.0117955 0.00131062 0.00131062 0.0196592 0.365662 0.139799 0.0816951 0.0664045 0.312363 
0.00938455 0 0.00130947 0.00763859 0.420559 0.196639 0.0912265 0.0183326 0.254911 
0.0030541 0.0004363 0.004363 0.0117801 0.373037 0.177138 0.0514834 0.0008726 0.377836 
0.00174292 0.00043573 0.00130719 0.00588235 0.339434 0.166013 0.0366013 0.008061 0.440523 
0.0034904 0 0.0008726 0.00981675 0.397469 0.208551 0.0122164 0.0133072 0.354276 
0.00918635 0 0.00306212 0.0126859 0.335521 0.27909 0.0424322 0.0174978 0.300525 
0.0052356 0.0017452 0.0021815 0.00719895 0.213787 0.142452 0.0383944 0.0187609 0.570244 
0.00564972 0 0.00173837 0.00934376 0.183181 0.127553 0.0293351 0.0325945 0.610604 
0.0231037 0.0032694 0.0087184 0.037925 0.252616 0.112685 0.0534002 0.0239756 0.484307 
0.0102441 0.00130776 0.00348736 0.00784656 0.250872 0.115955 0.016129 0.0104621 0.583697 
0.0152572 0.00043592 0.00523104 0.0104621 0.335658 0.121622 0.00566696 0.0087184 0.496949 
0.0126638 0.000873362 0.00131004 0.0104803 0.375983 0.20262 0.00873362 0.00349345 0.383843 
0.0083042 0.00131119 0.00611888 0.0198864 0.396416 0.16674 0.0520105 0.0122378 0.336976 
0.0021777 0 0.00304878 0.00805749 0.113676 0.134364 0.0226481 0.0065331 0.709495 
0.00521739 0.000434783 0.000434783 0.00478261 0.0595652 0.131304 0.0521739 0.0113043 0.734783 
0.0154617 0.00130662 0.00370209 0.00348432 0.0389808 0.097561 0.0354965 0.021777 0.78223 
0.0191138 0.00521286 0.00347524 0.0089053 0.0738488 0.0623371 0.0308427 0.0178106 0.778454 
0.0234477 0.0147634 0.00434216 0.0178029 0.103343 0.0360399 0.026053 0.0130265 0.761181 
0.0299609 0.0212766 0.00998697 0.032132 0.0838037 0.0256188 0.022145 0.0173687 0.757707 
0.126791 0.0269214 0.0195397 0.0325662 0.0911854 0.0392966 0.0468954 0.0914025 0.525402 
0.0343478 0.00478261 0.0156522 0.00652174 0.0947826 0.0369565 0.0104348 0.0126087 0.783913 
0.0173837 0.0069535 0.0104302 0.00173837 0.095176 0.0538896 0.0173837 0.0134724 0.783572 
0.016066 0.00738168 0.0125923 0.00477638 0.0460269 0.0950934 0.0269214 0.0134607 0.777681 
0.0262587 0.0169271 0.0130208 0.00477431 0.0325521 0.0598958 0.031901 0.0260417 0.788628 
0.0217297 0.0169492 0.0302043 0.013907 0.0567145 0.0225989 0.0208605 0.0212951 0.795741 
0.0164931 0.00434028 0.00651042 0.0145399 0.09375 0.0219184 0.0238715 0.0177951 0.800781 
0.0147569 0.00260417 0.0078125 0.00868056 0.16059 0.00477431 0.00217014 0.00564236 0.792969 
0.127447 0.0991993 0.0911922 0.102313 0.153915 0.107429 0.0980872 0.105205 0.115214 
0.161234 0.0130378 0.00912647 0 0.000434594 0 0.00434594 0.000869187 0.810952 
0.167246 0.00999131 0.00695048 0.00130321 0.000434405 0.00086881 0.00608167 0.00477845 0.802346 
0.142423 0.0117238 0.00607903 0.00434216 0.00347373 0.000868432 0.0104212 0.0251845 0.795484 
0.0733825 0.00694746 0.00217108 0.00217108 0.0026053 0.00390795 0.0134607 0.0825011 0.812853 
0.115117 0.0125977 0.00477845 0.00173762 0.00434405 0.00260643 0.00521286 0.0421373 0.811468 
0.134666 0.00955691 0.00521286 0.00477845 0.00825369 0.00086881 0.00477845 0.0156386 0.816247 
0.0856149 0.059322 0.029987 0.0152108 0.0182529 0.00260756 0.00391134 0.0067362 0.778357 
0.029987 0.0699696 0.0399826 0.0421556 0.0225989 0.00260756 0.00782269 0.00782269 0.777053 
0.0378755 0.0145842 0.0574663 0.0777101 0.0592077 0.0182847 0.0461471 0.0417936 0.646931 
0.0108601 0.00477845 0.0156386 0.0247611 0.0206342 0.0125977 0.0705908 0.0456125 0.794527 
0.0282363 0.0125977 0.0167246 0.020417 0.0983927 0.0308427 0.0195482 0.00955691 0.763684 
0.0230135 0.0108554 0.0132436 0.00998697 0.0735997 0.0356057 0.0212766 0.022145 0.790274 
0.0451781 0.0280191 0.0360556 0.0123805 0.0595135 0.0371416 0.0304083 0.00803649 0.743267 
0.0594618 0.0286458 0.0425347 0.0230035 0.0429688 0.0164931 0.0221354 0.0299479 0.734809 
0.0668403 0.0212674 0.0078125 0.0460069 0.0277778 0.015625 0.0125868 0.0147569 0.787326 
0.093397 0.0291051 0.0534318 0.0499566 0.0482189 0.0112945 0.0330148 0.0334492 0.648132 
0.0794271 0.0286458 0.0182292 0.0177951 0.0251736 0.00434028 0.0078125 0.0173611 0.801215 
0.0597047 0.0121581 0.0158489 0.0238819 0.0646982 0.0134607 0.00477638 0.0104212 0.79505 
0.114466 0.0234579 0.0269331 0.0169418 0.0256299 0.0212858 0.0327976 0.0499566 0.688532 
0.137212 0.0138949 0.00868433 0.0125923 0.00825011 0.00564481 0.00868433 0.0186713 0.786366 
0.111979 0.0177951 0.0173611 0.00694444 0.0177951 0.016059 0.0394965 0.0208333 0.751736 
0.0262815 0.0112945 0.0282363 0.0121633 0.0786273 0.0221546 0.0210686 0.013901 0.786273 
0.112342 0.0225989 0.019774 0.0136897 0.0289005 0.0141243 0.0349848 0.0343329 0.719253 
0.0946591 0.0319149 0.0442901 0.0204082 0.0169344 0.0130265 0.016066 0.0102041 0.752497 
0.0908301 0.049761 0.0517166 0.0308561 0.0408518 0.0069535 0.0152108 0.0115167 0.702303 
0.109809 0.0260417 0.0286458 0.0195312 0.0295139 0.00824653 0.0225694 0.0438368 0.711806 
0.0700955 0.0173611 0.00607639 0.00737847 0.0355903 0.00564236 0.0167101 0.0750868 0.766059 
0.0861919 0.0238819 0.00564481 0.00564481 0.0356057 0.00390795 0.00716457 0.0442901 0.787668 
0.107639 0.031684 0.015191 0.00564236 0.0199653 0.0078125 0.00564236 0.0108507 0.795573 
0.0751194 0.0303951 0.0495007 0.0191055 0.0347373 0.0108554 0.0199739 0.00955276 0.75076 
0.145722 0.0995989 0.101604 0.100045 0.145276 0.121435 0.0851159 0.0880125 0.113191 
0.00738168 0.00607903 0.00347373 0.00390795 0.0169344 0.0219279 0.0199739 0.0201911 0.90013 
0.0125923 0.0108554 0.0108554 0.0186713 0.0295267 0.00173686 0.00434216 0.0130265 0.898393 
0.00434216 0.00217108 0.00564481 0.00434216 0.0147634 0.00651324 0.0225792 0.0568823 0.882762 
0.0134549 0.00390625 0.015625 0.00564236 0.0234375 0.0125868 0.0338542 0.0368924 0.854601 
0.00347373 0.00217108 0.00217108 0.000434216 0.0108554 0.0125923 0.0512375 0.0386452 0.878419 
0.00347222 0.000434028 0.00434028 0.00368924 0.00520833 0.0197483 0.0503472 0.0329861 0.879774 
0.00390795 0.00130265 0.00303951 0.00521059 0.016066 0.0316978 0.0282241 0.0373426 0.873209 
0.047309 0.0401476 0.0243056 0.0121528 0.0199653 0.00607639 0.0177951 0.0240885 0.80816 
0.424229 0.0838037 0.042119 0.0282241 0.00998697 0.00564481 0.00911854 0.0377768 0.359097 
0.465278 0.0223524 0.0236545 0.0403646 0.0340712 0.00217014 0.00217014 0.0175781 0.392361 
0.546007 0.016059 0.00499132 0.0353733 0.0648872 0.00976562 0.0078125 0.0125868 0.302517 
0.576389 0.0199653 0.00412326 0.015191 0.047092 0.0798611 0.00911458 0.0269097 0.221354 
0.463108 0.0145399 0.00217014 0.0078125 0.0425347 0.09375 0.00954861 0.00455729 0.361979 
0.486093 0.0108648 0.00608431 0.00912647 0.0393307 0.0825728 0.00521512 0.011734 0.348979 
0.520833 0.0171441 0.00954861 0.0138889 0.0447049 0.0668403 0.00434028 0.0093316 0.313368 
0.510851 0.0128038 0.00434028 0.0230035 0.0516493 0.0533854 0.00607639 0.0101997 0.327691 
0.494785 0.0154281 0.00304216 0.0169492 0.0747501 0.0347675 0.00803998 0.00890917 0.343329 
0.399089 0.0592448 0.00651042 0.0164931 0.0993924 0.0208333 0.0106337 0.0392795 0.348524 
0.448351 0.00824653 0.00173611 0.00585938 0.107205 0.0236545 0.00520833 0.00911458 0.390625 
0.467882 0.0112847 0.00347222 0.00390625 0.0998264 0.0290799 0.00390625 0.00824653 0.372396 
0.488281 0.00998264 0.00130208 0.00390625 0.101997 0.0260417 0.00651042 0.00824653 0.353733 
0.517795 0.0125868 0.00520833 0.0138889 0.09375 0.0175781 0.00694444 0.0141059 0.318142 
0.485243 0.0147569 0.00759549 0.0303819 0.0770399 0.0177951 0.00824653 0.00998264 0.348958 
0.472222 0.0184462 0.0106337 0.0381944 0.0575087 0.0134549 0.0125868 0.0180122 0.358941 
0.46913 0.0245652 0.00913044 0.0195652 0.0678261 0.00782609 0.00869565 0.0158696 0.377391 
0.470486 0.0201823 0.0078125 0.0104167 0.0789931 0.00651042 0.00390625 0.0201823 0.38151 
0.5 0.0173611 0.00564236 0.00824653 0.0898438 0.00651042 0.00520833 0.0164931 0.350694 
0.535187 0.0121633 0.00217202 0.00716768 0.089053 0.00716768 0.00434405 0.0152042 0.327541 
0.548023 0.00977836 0.00304216 0.00391134 0.0956106 0.0208605 0.00564972 0.0171664 0.295958 
0.448351 0.047309 0.0121528 0.00651042 0.0924479 0.0243056 0.00998264 0.0394965 0.319444 
0.46224 0.0195312 0.00455729 0.00477431 0.11263 0.0112847 0.00217014 0.00737847 0.375434 
0.466782 0.0134607 0.00651324 0.00347373 0.11637 0.0104212 0.00694746 0.00868433 0.367347 
0.459201 0.0210503 0.00651042 0.00694444 0.124566 0.00564236 0.00260417 0.00542535 0.368056 
0.47526 0.015408 0.00347222 0.0125868 0.123264 0.00868056 0.00651042 0.00672743 0.34809 
0.429006 0.0112896 0.00607903 0.00868433 0.112462 0.00347373 0.0130265 0.0112896 0.40469 
0.354257 0.0212858 0.00543006 0.00564726 0.0981755 0.00955691 0.00695048 0.0125977 0.486099 
0.355035 0.0134549 0.00694444 0.0243056 0.0842014 0.00303819 0.00911458 0.00868056 0.495226 
0.259661 0.00825011 0.00629614 0.0247503 0.072297 0.00651324 0.00738168 0.00651324 0.608337 
0.238923 0.0125977 0.00521286 0.0156386 0.0616855 0.00781929 0.0121633 0.0108601 0.6351 
0.311903 0.0614683 0.0167246 0.0191138 0.0818853 0.0115117 0.00999131 0.018245 0.469157 
0.243149 0.0552414 0.0191388 0.0126142 0.112658 0.0165289 0.0113093 0.0252284 0.504132 
0.365885 0.0418837 0.0106337 0.0138889 0.0813802 0.00477431 0.00954861 0.015842 0.456163 
0.309896 0.016059 0.00824653 0.015625 0.115885 0.000434028 0.00130208 0.00520833 0.527344 
0.398003 0.0167101 0.00520833 0.0125868 0.112413 0.00303819 0.00260417 0.00282118 0.446615 
0.41967 0.0054277 0.00217108 0.00412505 0.110291 0.00390795 0.00282241 0.0121581 0.439427 
0.42792 0.00868433 0.000868432 0.00455927 0.109422 0.0110725 0.0119409 0.00911854 0.416413 
0.432016 0.0119461 0.00260643 0.00564726 0.0947003 0.00608167 0.0123805 0.014987 0.419635 
0.463542 0.00564236 0.00607639 0.00390625 0.0859375 0.00607639 0.00824653 0.0199653 0.400608 
0.480469 0.00824653 0.0062934 0.00911458 0.0818142 0.00260417 0.00260417 0.0190972 0.389757 
0.352174 0.0108696 0.0102174 0.0278261 0.0532609 0.00565217 0.00304348 0.0073913 0.529565 
0.324706 0.0145716 0.00739452 0.0326229 0.0526316 0.00391475 0.0045672 0.0045672 0.555024 
0.226444 0.034086 0.0112896 0.032132 0.0712115 0.00868433 0.0223621 0.0245332 0.569257 
0.21875 0.0134549 0.00520833 0.0177951 0.0755208 0.00217014 0.00217014 0.00868056 0.65625 
0.249348 0.00716768 0.00086881 0.0091225 0.0873154 0.00434405 0.00521286 0.00543006 0.63119 
0.222319 0.00781589 0.00173686 0.00998697 0.086409 0.00390795 0.00564481 0.0026053 0.659574 
0.199653 0.0108507 0.00347222 0.0134549 0.0811632 0.00520833 0.00434028 0.000434028 0.681424 
0.167173 0.00477638 0.00564481 0.00825011 0.0890143 0.00347373 0.00347373 0.00130265 0.716891 
0.137826 0.00652174 0.00478261 0.00565217 0.0934783 0.00347826 0.00521739 0.0026087 0.740435 
0.234144 0.0117289 0.00434405 0.00564726 0.0834057 0.00564726 0.00608167 0.00260643 0.646394 
0.0768229 0.00564236 0.00260417 0.00868056 0.0928819 0.00217014 0.00217014 0.00173611 0.807292 
0.0572917 0.00173611 0.00173611 0.0117188 0.0959201 0.000868056 0.00347222 0.00173611 0.825521 
0.0355903 0.00130208 0.00303819 0.0117188 0.093316 0.00303819 0.00173611 0.000434028 0.849826 
0.0828993 0.0015191 0.00347222 0.015625 0.0824653 0.000434028 0.00130208 0.00108507 0.811198 
0.166739 0.0308294 0.0236648 0.0316978 0.088363 0.00434216 0.0125923 0.0169344 0.624837 
0.0377604 0.00607639 0.0132378 0.0247396 0.0640191 0 0.000868056 0.000434028 0.852865 
0.0347222 0.00954861 0.014974 0.0355903 0.0536024 0 0.000868056 0.000868056 0.849826 
0.0599218 0.0143291 0.0169344 0.0234477 0.0438558 0.00173686 0.00173686 0.00173686 0.8363 
0.219592 0.0293223 0.00629887 0.00434405 0.0165074 0.0269331 0.0221546 0.0201998 0.654648 
0.361859 0.0264987 0.0108601 0.00608167 0.00695048 0.00999131 0.0230235 0.0212858 0.533449 
0.536924 0.0464813 0.0165074 0.00608167 0.0104257 0.0121633 0.0108601 0.0112945 0.349262 
0.437663 0.0408341 0.0347524 0.0165074 0.0130321 0.00521286 0.0110773 0.0560382 0.384883 
0.136502 0.00477431 0.0340712 0.0321181 0.00759549 0.00130208 0.00455729 0.0442708 0.734809 
0.287109 0.00217014 0.0251736 0.015625 0.0269097 0.00130208 0.00238715 0.0720486 0.567274 
0.295089 0.0145589 0.0162973 0.00282486 0.0165146 0.0191221 0.0149935 0.34811 0.27249 
0.383898 0.0143229 0.00130208 0.000434028 0.015191 0.0182292 0.0266927 0.0859375 0.453993 
0.360243 0.00911458 0.00130208 0.00130208 0.00672743 0.0243056 0.0266927 0.118924 0.451389 
0.0581597 0.00390625 0.00347222 0.000868056 0.0101997 0.0347222 0.0227865 0.0659722 0.799913 
0.0514323 0.00477431 0.00217014 0.00477431 0.0143229 0.0414497 0.0210503 0.0744358 0.78559 
0.0227865 0.00130208 0.000868056 0.00173611 0.0251736 0.0447049 0.016276 0.0303819 0.856771 
0.166667 0.0106337 0.00998264 0.0108507 0.0399306 0.0277778 0.0338542 0.32921 0.371094 
0.221788 0.00390625 0.00260417 0.00520833 0.0195312 0.0238715 0.0217014 0.370226 0.331163 
0.154948 0.00130208 0 0.000868056 0.0125868 0.00737847 0.0134549 0.0529514 0.75651 
0.209418 0.00303819 0.00303819 0 0.0182292 0.0169271 0.015408 0.354601 0.37934 
0.0512153 0.00824653 0.00260417 0.00520833 0.0238715 0.0125868 0.0130208 0.0737847 0.809462 
0.0412326 0.0108507 0.00911458 0.00303819 0.0299479 0.0190972 0.0334201 0.220052 0.633247 
0.0955691 0.0147698 0.0178106 0.00999131 0.0221546 0.0143354 0.0521286 0.07298 0.700261 
0.0385117 0.00696258 0.0113142 0.00696258 0.0726719 0.0261097 0.0163185 0.0230635 0.798085 
0.0334783 0.00934783 0.00565217 0.00304348 0.0221739 0.00695652 0.0113043 0.0141304 0.893913 
0.0108838 0.00130605 0.00870701 0.0158903 0.109708 0.0211145 0.0226382 0.0226382 0.787114 
0.016129 0.00457716 0.00087184 0.0113339 0.530078 0.0148213 0.00392328 0.00850044 0.409765 
0.117336 0.147331 0.123952 0.0935157 0.139832 0.100353 0.0904279 0.0902073 0.0970445 
0.0149805 0.00130265 0.000868432 0 0.00738168 0.0182371 0.102692 0.12462 0.729918 
0.0069535 0.011734 0.16319 0.102999 0.0625815 0.0751847 0.0584528 0.00478053 0.514124 
0.100477 0.177083 0.0700955 0.0177951 0.0177951 0.000868056 0.00477431 0.00651042 0.604601 
0.0147955 0.00522193 0.00609225 0.0189295 0.0126197 0.0593995 0.0713664 0.051349 0.760226 
0.0256076 0.00846354 0.0117188 0.0418837 0.0269097 0.00607639 0.00694444 0.015625 0.856771 
0.0290799 0.03125 0.0833333 0.0685764 0.0117188 0.0108507 0.00303819 0.00173611 0.760417 
0.00608167 0.00217202 0.0178106 0.0297567 0.174414 0.0471329 0.0154214 0.000434405 0.706777 
0.000868056 0.000868056 0.00325521 0.0327691 0.0605469 0.144314 0.030816 0 0.726562 
0.0217108 0.0214937 0.0165002 0.0527573 0.0794616 0.0138949 0.00521059 0.00521059 0.78376 
0.0203993 0.0390625 0.0603299 0.0863715 0.0186632 0.00217014 0.00130208 0.00260417 0.769097 
0.0234375 0.0286458 0.117188 0.0846354 0.00954861 0.00130208 0.000434028 0.00130208 0.733507 
0.0273438 0.0273438 0.129557 0.0642361 0.0130208 0.00217014 0.00585938 0.00564236 0.724826 
0.015625 0.0171441 0.124566 0.0726997 0.0121528 0.000868056 0.00477431 0.0134549 0.738715 
0.0221354 0.0325521 0.103733 0.0763889 0.0277778 0.00390625 0.0173611 0.0195312 0.696615 
0.00954861 0.0269097 0.0199653 0.114583 0.0247396 0.00260417 0.00954861 0.00954861 0.782552 
0.0208333 0.0225694 0.0164931 0.0221354 0.0711806 0.00390625 0.00477431 0.00434028 0.833767 
0.0351562 0.00520833 0.0145399 0.0177951 0.078776 0.0134549 0.00824653 0.0125868 0.814236 
0.0355903 0.00520833 0.00477431 0.0342882 0.078559 0.0221354 0.0429688 0.0190972 0.757378 
0.0303819 0.00347222 0.00564236 0.0416667 0.0677083 0.0121528 0.0199653 0.0138889 0.805122 
0.0355903 0.0112847 0.0221354 0.0447049 0.0603299 0.00520833 0.00607639 0.00607639 0.808594 
0.0134549 0.0177951 0.0477431 0.0967882 0.0299479 0.00477431 0.0342882 0.0138889 0.741319 
0.0507812 0.0351562 0.047526 0.0390625 0.0553385 0.0230035 0.0342882 0.0212674 0.693576 
0.062066 0.0078125 0.00390625 0.00564236 0.031684 0.0195312 0.0407986 0.0173611 0.811198 
0.0546875 0.00998264 0.00390625 0.00694444 0.0368924 0.0264757 0.0299479 0.0147569 0.816406 
0.0529514 0.0164931 0.00694444 0.00998264 0.0373264 0.0078125 0.00868056 0.0104167 0.849392 
0.0208333 0.0460069 0.0585938 0.0130208 0.0286458 0.00954861 0.0112847 0.015625 0.796441 
0.016059 0.0692274 0.0651042 0.0325521 0.0230035 0 0.00130208 0.000217014 0.792535 
0.03125 0.0403646 0.0729167 0.0364583 0.0273438 0.00173611 0.00130208 0.00130208 0.787326 
0.0384115 0.0190972 0.0301649 0.0377604 0.0299479 0.00217014 0.00434028 0.00260417 0.835503 
0.0208333 0.0208333 0.0199653 0.0238715 0.0325521 0.00434028 0.00954861 0.0104167 0.857639 
0.0282118 0.0180122 0.015191 0.0275608 0.0234375 0.015191 0.0325521 0.0520833 0.78776 
0.0538194 0.0062934 0.0134549 0.0121528 0.0425347 0.0217014 0.0603299 0.0670573 0.722656 
0.0290799 0.0125868 0.00694444 0.00607639 0.0243056 0.0338542 0.0516493 0.120226 0.715278 
0.0206163 0.0336372 0.117188 0.0429688 0.0223524 0.0247396 0.0217014 0.0236545 0.693142 
0.0108507 0.00737847 0.0164931 0.0703125 0.0399306 0.00672743 0.00737847 0.0197483 0.821181 
0.0251736 0.00868056 0.00954861 0.0273438 0.0338542 0.077691 0.0364583 0.0269097 0.75434 
0.0151976 0.00694746 0.0104212 0.0117238 0.0449414 0.0694746 0.0922709 0.0360399 0.712983 
0.0117188 0.0173611 0.0078125 0.00260417 0.0256076 0.0668403 0.0833333 0.015625 0.769097 
0.0143229 0.0238715 0.0651042 0.015191 0.0238715 0.0334201 0.046441 0.0104167 0.767361 
0.0195482 0.014987 0.0803649 0.0188966 0.013901 0.0219374 0.0299739 0.00760209 0.792789 
0.0186632 0.0203993 0.0881076 0.0260417 0.0295139 0.0243056 0.00998264 0.0117188 0.771267 
0.0486111 0.0403646 0.0282118 0.0247396 0.0447049 0.015625 0.0130208 0.0299479 0.754774 
0.031684 0.0190972 0.0104167 0.00694444 0.0397135 0.0425347 0.0323351 0.0850694 0.732205 
0.0299479 0.0132378 0.0177951 0.0112847 0.0386285 0.0345052 0.0846354 0.0885417 0.681424 
0.0358228 0.0106383 0.0138949 0.0197568 0.0134607 0.0112896 0.0775076 0.12462 0.693009 
0.0807292 0.00173611 0.000868056 0.00130208 0.00520833 0.0295139 0.0516493 0.078559 0.750434 
0.0993924 0.00954861 0.000868056 0.00130208 0.00651042 0.0249566 0.0421007 0.0279948 0.787326 
0.0564236 0.0529514 0.0429688 0.00347222 0.0134549 0.0247396 0.0247396 0.0182292 0.763021 
0.125652 0.10087 0.0595652 0.00673913 0.013913 0.0184783 0.0113043 0.0221739 0.641304 
0.0529514 0.11046 0.0286458 0.0167101 0.0188802 0.00868056 0.0106337 0.00737847 0.74566 
0.136285 0.0525174 0.0360243 0.00607639 0.0195312 0.0164931 0.0182292 0.0251736 0.68967 
0.0486111 0.0108507 0.0173611 0.0338542 0.0078125 0.00694444 0.0377604 0.0789931 0.757812 
0.0394965 0.0210503 0.0251736 0.0386285 0.016059 0.00347222 0.0364583 0.0635851 0.756076 
0.0351562 0.0236545 0.0273438 0.0551215 0.0177951 0.00564236 0.00434028 0.0362413 0.794705 
0.0386285 0.0199653 0.0266927 0.0134549 0.0227865 0.0256076 0.0360243 0.0329861 0.783854 
0.0575586 0.0091225 0.0308427 0.0247611 0.0152042 0.0102085 0.0345352 0.0862294 0.731538 
0.0660009 0.0178029 0.0547112 0.0254016 0.0134607 0.00651324 0.0234477 0.0775076 0.715154 
0.147519 0.122485 0.0981225 0.0853822 0.123827 0.112651 0.101252 0.10371 0.105051 
0.132431 0.117347 0.0978261 0.0947205 0.112023 0.102484 0.113354 0.124224 0.10559 
0.114248 0.0947003 0.0312771 0.0130321 0.00347524 0.0130321 0.0112945 0.00651607 0.712424 
0.150608 0.0772569 0.015625 0.0130208 0.00651042 0.00130208 0.00651042 0.00303819 0.726128 
0.215929 0.0221354 0.00651042 0.00868056 0.00824653 0.00130208 0.00325521 0.0698785 0.664062 
0.172526 0.0342882 0.00303819 0.00130208 0.00564236 0.00976562 0.0184462 0.0766059 0.678385 
0.113064 0.0657552 0.00303819 0.000434028 0.00217014 0.00130208 0.0110677 0.0453559 0.757812 
0.11263 0.0538194 0.00716146 0 0.000868056 0.00130208 0.00868056 0.0559896 0.759549 
0.12766 0.0390795 0.0199739 0.00564481 0.0143291 0.00781589 0.0312636 0.0564481 0.697785 
0.0373264 0.0789931 0.0742188 0.0173611 0.0256076 0.00954861 0.016059 0.0295139 0.711372 
0.0117188 0.0269097 0.107205 0.138455 0.0078125 0.00217014 0.00694444 0.00303819 0.695747 
0.0134549 0.0219184 0.0850694 0.1875 0.0169271 0.00390625 0.000868056 0.00108507 0.669271 
0.00455729 0.0295139 0.13737 0.145833 0.0208333 0.000868056 0.00130208 0.000868056 0.658854 
0.00520833 0.0253906 0.102865 0.199436 0.0195312 0.000868056 0.00173611 0.000434028 0.644531 
0.0416848 0.0308294 0.0768563 0.168042 0.0256188 0.00130265 0.00130265 0.00347373 0.65089 
0.477826 0.091087 0.093913 0.023913 0.00869565 0.00695652 0.0104348 0.0176087 0.269565 
0.520122 0.138233 0.0328084 0.000437445 0.00918635 0.0113736 0.0205599 0.0192476 0.248031 
0.56 0.107692 0.00923077 0.00175824 0.00043956 0.0127473 0.043956 0.0382418 0.225934 
0.567663 0.0654657 0.0103251 0.00834798 0.00834798 0.00878735 0.0595343 0.0483304 0.223199 
0.54344 0.0581395 0.0118473 0.00658183 0.00614305 0.0193067 0.063405 0.0533129 0.237824 
0.42706 0.0171882 0.0096959 0.0118995 0.00991626 0.00749229 0.0804319 0.182019 0.254297 
0.352575 0.0159858 0.0146536 0.0079929 0.0113233 0.00821492 0.129441 0.208925 0.250888 
0.328201 0.0316762 0.0279366 0.0149582 0.0173779 0.025077 0.231412 0.0637923 0.259569 
0.290351 0.0962719 0.0513158 0.0445175 0.0390351 0.0570175 0.103509 0.0491228 0.26886 
0.310722 0.0814004 0.050547 0.0568928 0.0538293 0.033698 0.0728665 0.0551422 0.284902 
0.321429 0.0299824 0.0255732 0.0205026 0.0108025 0.0332892 0.196869 0.0687831 0.292769 
0.346322 0.0801226 0.114273 0.0148862 0.0218914 0.0359019 0.0411559 0.0315236 0.313923 
0.314766 0.100481 0.137833 0.0259939 0.0358235 0.0288336 0.0166011 0.0176933 0.321975 
0.280621 0.133202 0.117892 0.0321522 0.0393701 0.0249344 0.0166229 0.015748 0.339458 
0.241492 0.178447 0.0920593 0.0388307 0.0368674 0.0189791 0.0143979 0.015925 0.363002 
0.252735 0.191904 0.0538293 0.0280088 0.0350109 0.0115974 0.0142232 0.0153173 0.397374 
0.260508 0.180823 0.0525394 0.0372154 0.0183888 0.00262697 0.00788091 0.0135727 0.426445 
0.0664917 0.257437 0.0734908 0.0879265 0.0503062 0.00306212 0.00306212 0.00328084 0.454943 
0.0509582 0.235627 0.0335366 0.141551 0.0801394 0.00391986 0.0021777 0.00609756 0.445993 
0.207243 0.0606457 0.0285777 0.0772251 0.158159 0.0061082 0.0030541 0.0047993 0.454188 
0.270588 0.016122 0.0148148 0.0287582 0.206536 0.0200436 0.0117647 0.0087146 0.422658 
0.24902 0.0243796 0.0204615 0.0245973 0.185895 0.0524597 0.0152373 0.0139312 0.414018 
0.235783 0.041776 0.0354331 0.0229659 0.160105 0.0667104 0.011811 0.0115923 0.413823 
0.273997 0.0327225 0.0100349 0.0183246 0.197644 0.0309773 0.0078534 0.0165794 0.411867 
0.267826 0.0117391 0.0126087 0.104565 0.133913 0.0123913 0.00478261 0.0308696 0.421304 
0.251849 0.00891692 0.0128317 0.131361 0.10809 0.0150065 0.0117442 0.0317529 0.428447 
0.251633 0.00696561 0.0152373 0.104919 0.157162 0.0117545 0.0108838 0.0191554 0.42229 
0.263089 0.0146161 0.0296684 0.103621 0.123473 0.0095986 0.0074171 0.0143979 0.434119 
0.267045 0.0576923 0.0397727 0.0441434 0.0673077 0.0115822 0.00917832 0.0264423 0.476836 
0.363158 0.0239035 0.00526316 0.00307018 0.00614035 0.00307018 0.00614035 0.0269737 0.562281 
0.481182 0.0297593 0.00678337 0.00131291 0.00700219 0.00612691 0.00306346 0.0205689 0.444201 
0.51227 0.0241017 0.00482033 0.000438212 0 0.0035057 0.00613497 0.0135846 0.435145 
0.52909 0.0144357 0.00131234 0.00174978 0.00349956 0.00218723 0.0019685 0.0266842 0.419073 
0.431937 0.0368674 0.0061082 0.0004363 0.0013089 0.0026178 0.0039267 0.0346859 0.482112 
0.337679 0.0612777 0.0286832 0.0121686 0.0373751 0.00956106 0.00391134 0.011734 0.49761 
0.390584 0.0322581 0.00479512 0.0139494 0.0287707 0.016565 0.0156931 0.0374891 0.459895 
0.371472 0.00781589 0 0 0.000868432 0.00412505 0.0423361 0.0753365 0.498046 
0.3495 0.0898217 0.00782949 0.00217486 0.00173989 0.00391475 0.0402349 0.0489343 0.45585 
0.128105 0.0126362 0.0139434 0.00261438 0.00261438 0.011329 0.054902 0.12244 0.651416 
0.0594876 0.0386452 0.0188884 0.00390795 0.00955276 0.0165002 0.0375597 0.117238 0.69822 
0.0236545 0.0546875 0.0253906 0.0286458 0.0134549 0.00824653 0.03125 0.0386285 0.776042 
0.0256522 0.0226087 0.0165217 0.0278261 0.0469565 0.0195652 0.0243478 0.0117391 0.804783 
0.024815 0.0189377 0.0211145 0.0372225 0.0942534 0.0387462 0.0117545 0.0134959 0.73966 
0.014974 0.0132378 0.0568576 0.0384115 0.0828993 0.0351562 0.0240885 0.0299479 0.704427 
0.0321599 0.021947 0.0382442 0.0486745 0.0677966 0.0564972 0.0212951 0.0223816 0.691004 
0.015191 0.0286458 0.0277778 0.0403646 0.0985243 0.0518663 0.0251736 0.0392795 0.673177 
0.0227865 0.00868056 0.0138889 0.0269097 0.0998264 0.0434028 0.0414497 0.0585938 0.684462 
0.03125 0.0190972 0.0360243 0.0299479 0.0412326 0.030599 0.0989583 0.0922309 0.62066 
0.0286458 0.0136719 0.0169271 0.0078125 0.0240885 0.0358073 0.093533 0.105903 0.673611 
0.0117238 0.00434216 0.00303951 0.00607903 0.0234477 0.0633956 0.166305 0.0825011 0.639166 
0.141059 0.016059 0.00390625 0.00325521 0.0345052 0.139106 0.112196 0.0542535 0.49566 
0.251302 0.016059 0.00434028 0.00390625 0.0078125 0.0184462 0.0451389 0.0692274 0.583767 
0.250434 0.0750868 0.139323 0.0646701 0.00651042 0.0078125 0.0342882 0.0190972 0.402778 
0.0586447 0.0377932 0.16768 0.0838401 0.00499566 0.00651607 0.0275847 0.0147698 0.598176 
0.0164931 0.0199653 0.113715 0.166667 0.0108507 0.00651042 0.0221354 0.015625 0.628038 
0.00802951 0.0104167 0.0852865 0.200087 0.0134549 0.0121528 0.016059 0.00564236 0.648872 
0.0264757 0.0175781 0.0768229 0.213759 0.0377604 0.0117188 0.0334201 0.0121528 0.570312 
0.00173611 0.00173611 0.0141059 0.193576 0.0985243 0.00759549 0.0345052 0.0101997 0.638021 
0.206904 0.032132 0.0351715 0.0779418 0.103778 0.0306122 0.0280069 0.0256188 0.459835 
0.34082 0.0170083 0.0405582 0.0157 0.0226777 0.0327082 0.0473179 0.0449193 0.43829 
0.361485 0.0234477 0.0243161 0.0416848 0.0191055 0.0121581 0.0128094 0.0173687 0.487625 
0.189236 0.0768229 0.0345052 0.031684 0.0353733 0.000868056 0.00173611 0.00390625 0.625868 
0.0849262 0.0130321 0.00999131 0.00217202 0.0147698 0.172893 0.10795 0.0308427 0.563423 
0.0121739 0.00130435 0.00130435 0.00304348 0.108261 0.0617391 0.0547826 0.016087 0.741304 
0.031901 0.0130208 0.0523003 0.0989583 0.0125868 0.0104167 0.00260417 0.00477431 0.773438 
0.0280191 0.053649 0.177454 0.0323632 0.0264987 0.00651607 0.00477845 0.00217202 0.668549 
0.141927 0.183594 0.0399306 0.00520833 0.000868056 0 0.00130208 0.00824653 0.618924 
0.222005 0.0924479 0.0414497 0.00130208 0 0 0.00260417 0.00130208 0.638889 
0.249566 0.062283 0.0325521 0.00759549 0 0 0.00130208 0.00260417 0.644097 
0.280191 0.0382276 0.0173762 0.0134666 0.00086881 0.000434405 0.00260643 0.00347524 0.643354 
0.261285 0.0301649 0.00889757 0.0177951 0.00303819 0.00651042 0.00759549 0.030599 0.634115 
0.242839 0.0253906 0.0108507 0.00238715 0.0230035 0.0212674 0.031467 0.0685764 0.574219 
0.15914 0.00173686 0.00217108 0.000651324 0.0108554 0.040165 0.0227964 0.114633 0.647851 
0.0823555 0 0.000869187 0.00130378 0.00260756 0.0478053 0.0380269 0.175141 0.65189 
0.0571988 0.00173989 0.00130492 0 0.00543715 0.0548064 0.0965637 0.110048 0.672901 
0.0627451 0.00217865 0.00043573 0.000653595 0.0200436 0.0655773 0.0623094 0.0518519 0.734205 
0.0527233 0.00653595 0.00522876 0.00479303 0.054902 0.0936819 0.020915 0.0252723 0.735948 
