0.000868056 0.000651042 0 0 0 0 0 0.000217014 0.998264 
0.0221354 0.00607639 0.00477431 0.00217014 0.00390625 0.000868056 0.00130208 0.00130208 0.957465 
0.0447049 0.0208333 0.00651042 0 0.000868056 0 0.00130208 0.00173611 0.924045 
0.0720486 0.0269097 0.0136719 0.00173611 0.00368924 0.00173611 0.00694444 0.00607639 0.867188 
0.0764221 0.0156318 0.0143291 0.00477638 0.0125923 0.00390795 0.0169344 0.0204082 0.834998 
0.0486111 0.0112847 0.0208333 0.0121528 0.0447049 0.0136719 0.0455729 0.0540365 0.749132 
0.0551455 0.00607903 0.0136778 0.00998697 0.0877117 0.0225792 0.0549284 0.0538428 0.696049 
0.0542535 0.00260417 0.0130208 0.00911458 0.103082 0.0282118 0.0540365 0.0729167 0.66276 
0.0330004 0.00976987 0.0206253 0.0225792 0.184325 0.0499349 0.0512375 0.06231 0.566218 
0.0434783 0.0286957 0.0315217 0.0626087 0.216739 0.0293478 0.0352174 0.0158696 0.536522 
0.0343628 0.0556764 0.046542 0.0413223 0.221401 0.0204437 0.00478469 0.00826446 0.567203 
0.0250109 0.0430622 0.054589 0.0482819 0.221836 0.0169639 0.0113093 0.0060896 0.572858 
0.0244969 0.0564304 0.0625547 0.0518373 0.182415 0.041776 0.0437445 0.0214348 0.515311 
0.0386957 0.0026087 0.0156522 0.0226087 0.293043 0.0421739 0.0491304 0.0178261 0.518261 
0.0343329 0.0112994 0.0252064 0.0173837 0.270752 0.0625815 0.0525858 0.0269448 0.498914 
0.0391645 0.00913838 0.0152306 0.0221932 0.262402 0.0450392 0.0770235 0.0341601 0.495648 
0.0486111 0.00824653 0.015625 0.0197483 0.267144 0.047309 0.0766059 0.0440538 0.472656 
0.0508696 0.00478261 0.00956522 0.0176087 0.284348 0.0345652 0.04 0.0730435 0.485217 
0.0637511 0.00587467 0.0126197 0.0232811 0.298956 0.024369 0.022846 0.0417755 0.506527 
0.0458115 0.0213787 0.026178 0.0650087 0.27007 0.0287958 0.0213787 0.0187609 0.502618 
0.0513714 0.0430997 0.0424467 0.0896822 0.246626 0.024815 0.0187201 0.0313452 0.451894 
0.0459921 0.0613228 0.0411739 0.0992116 0.250548 0.0295664 0.0201489 0.0267192 0.425318 
0.0574236 0.0563319 0.0327511 0.1 0.248035 0.0248908 0.0233624 0.0305677 0.426638 
0.0514993 0.0486745 0.0334637 0.0819209 0.284442 0.0212951 0.0217297 0.0289005 0.428075 
0.0693415 0.0370693 0.0213694 0.0414304 0.329699 0.0209333 0.0252944 0.0283471 0.426515 
0.0721762 0.0287833 0.0157 0.0259485 0.336677 0.0427388 0.0259485 0.0407763 0.411252 
0.0572117 0.0210434 0.0168786 0.043402 0.322885 0.0594038 0.0269619 0.040114 0.4121 
0.0487805 0.0291812 0.0174216 0.0263502 0.358014 0.0685976 0.0304878 0.0235192 0.397648 
0.0459495 0.0230836 0.0202526 0.0209059 0.372822 0.0496516 0.0335366 0.027439 0.406359 
0.0669584 0.0236324 0.0183807 0.0365427 0.349672 0.0671772 0.0214442 0.0258206 0.390372 
0.0679336 0.0303626 0.0436872 0.0629096 0.34775 0.0624727 0.0238095 0.0316732 0.329401 
0.0705268 0.0374401 0.0280801 0.0975185 0.358076 0.026121 0.0217675 0.050936 0.309534 
0.0878643 0.0365376 0.0315355 0.0887342 0.384732 0.0204437 0.0230535 0.0361027 0.290996 
0.0969432 0.0421397 0.0246725 0.060917 0.408952 0.0248908 0.0200873 0.0353712 0.286026 
0.100697 0.0479512 0.0309503 0.0466434 0.410636 0.0244115 0.0191805 0.0374891 0.28204 
0.0682415 0.044182 0.0273403 0.048119 0.479221 0.0218723 0.0188101 0.0275591 0.264654 
0.0609491 0.043535 0.0256857 0.0544188 0.51502 0.0165433 0.0134959 0.0256857 0.244667 
0.043326 0.0310722 0.0256018 0.0568928 0.555142 0.0179431 0.0122538 0.0218818 0.235886 
0.0100393 0.00763859 0.0102575 0.107595 0.603012 0.0144042 0.00392842 0.00218245 0.240943 
0.00391645 0.00348129 0.0106614 0.091819 0.637728 0.00957354 0.00304613 0.00348129 0.236292 
0.00587467 0.00348129 0.00979112 0.0691906 0.679069 0.00870322 0.00195822 0.00130548 0.220627 
0.00521286 0.00695048 0.00673328 0.0955691 0.659644 0.00825369 0.00173762 0.00260643 0.213293 
0.00955276 0.00781589 0.00846722 0.0712115 0.686279 0.00521059 0.00173686 0.00347373 0.206253 
0.00738168 0.00955276 0.00412505 0.0416848 0.726227 0.00781589 0.00651324 0.00390795 0.192792 
0.0113043 0.00782609 0.00586957 0.0304348 0.738478 0.00695652 0.00478261 0.00565217 0.188696 
0.00632084 0.00392328 0.00457716 0.0344377 0.768963 0.00479512 0.0021796 0.0021796 0.172624 
0.0030448 0.000434972 0.00326229 0.0735102 0.735755 0.00782949 0.000434972 0.000434972 0.175294 
0.00043554 0.00195993 0.0021777 0.132622 0.676829 0.0043554 0.00130662 0 0.180314 
0 0.000217675 0.00413583 0.184806 0.636265 0.0017414 0.000870701 0.000870701 0.171093 
0 0.000434216 0.00173686 0.254885 0.557534 0.00217108 0.000434216 0.000434216 0.182371 
0 0.00108554 0.0054277 0.300695 0.504776 0.0026053 0.000434216 0 0.184976 
0 0.0015191 0.0496962 0.333984 0.329644 0.000434028 0 0 0.284722 
0.111208 0.161816 0.145091 0.177454 0.103823 0.00955691 0.00217202 0.0121633 0.276716 
0.148414 0.137332 0.131899 0.150804 0.0925684 0.0234681 0.00782269 0.0156454 0.292047 
0.100826 0.102999 0.0723598 0.137766 0.111908 0.0617123 0.0291178 0.0738809 0.309431 
0.0655382 0.0907118 0.0559896 0.137587 0.161241 0.0724826 0.0193142 0.046875 0.35026 
0.0442708 0.030816 0.015842 0.0533854 0.190972 0.128472 0.0913628 0.0737847 0.371094 
0.101562 0.0670573 0.0516493 0.105252 0.143446 0.0755208 0.0366753 0.0815972 0.33724 
0.123317 0.0575337 0.0497178 0.101824 0.122232 0.0503691 0.0277898 0.0633956 0.403821 
0.0484361 0.0592963 0.0382276 0.0436577 0.0249783 0.00390964 0.00781929 0.00347524 0.7702 
0.0677672 0.0423545 0.0308427 0.0141182 0.00695048 0.000434405 0.00217202 0.00521286 0.830148 
0.0868056 0.00911458 0.00520833 0.00694444 0.0251736 0.00260417 0.00130208 0.015625 0.847222 
0.00434972 0.00478469 0.0117442 0.015659 0.0639408 0.00434972 0.00434972 0.0030448 0.887777 
0.00217108 0.00173686 0 0.00651324 0.666522 0.0143291 0.00303951 0.000868432 0.30482 
0.0251736 0.0128038 0.0108507 0.00694444 0.0225694 0.000868056 0.00347222 0.00455729 0.91276 
0.0078125 0.00390625 0.00607639 0.00737847 0.0355903 0.00737847 0.0078125 0.00260417 0.921441 
0.0221354 0.00303819 0.00173611 0.00347222 0.00998264 0.00347222 0.00477431 0.0182292 0.93316 
0.15135 0.107143 0.107143 0.115418 0.12696 0.0997387 0.0810105 0.116289 0.0949477 
0.0949175 0.00955691 0.0223719 0.0560382 0.0532146 0.0134666 0.00977411 0.0395308 0.701129 
0.484137 0.0404172 0.0126032 0.00956106 0.011734 0.00608431 0.0173837 0.0486745 0.369405 
0.14568 0.0338689 0.00781589 0.00130265 0.00303951 0.0026053 0.0119409 0.042119 0.751628 
0.0737347 0.0091623 0.013089 0.0178883 0.0885689 0.0124346 0.0196335 0.0320681 0.733421 
0.0425532 0.00347373 0.0110725 0.0104212 0.0788102 0.00781589 0.00564481 0.0277898 0.812419 
0.594876 0.0373426 0.00998697 0.00694746 0.0169344 0.00390795 0.0026053 0.0217108 0.305688 
0.103418 0.107856 0.0936529 0.107412 0.146693 0.11984 0.105859 0.113626 0.101642 
0.0386285 0.00390625 0.00173611 0.00737847 0.0243056 0.00564236 0.0112847 0.0125868 0.894531 
0.0581597 0.0121528 0.00607639 0.00564236 0.0247396 0.00260417 0.00564236 0.0108507 0.874132 
0.0208333 0.00954861 0.00737847 0.00434028 0.0230035 0.0243056 0.0221354 0.0290799 0.859375 
0.0269097 0.0125868 0.0130208 0.0117188 0.347222 0.015191 0.00694444 0.0138889 0.552517 
0.0403646 0.00303819 0.00520833 0.00954861 0.665799 0.00911458 0.00868056 0.00694444 0.251302 
0.0425347 0.00954861 0.00564236 0.00477431 0.722222 0.00911458 0.00651042 0.0078125 0.19184 
0.0282118 0.00694444 0.00737847 0.00347222 0.726128 0.0199653 0.00651042 0.00824653 0.193142 
0.0299609 0.00998697 0.00694746 0.00477638 0.746852 0.0143291 0.00217108 0.00738168 0.177594 
0.0408341 0.0121633 0.00304083 0.00651607 0.741095 0.0125977 0.00173762 0.00651607 0.1755 
0.0390964 0.00521286 0 0.00152042 0.505647 0.0115117 0.00260643 0.0256299 0.408775 
0.0226185 0.00521966 0.00260983 0.00173989 0.6194 0.0213136 0.00478469 0.0369726 0.285341 
0.0408873 0.0030448 0.00217486 0.00173989 0.450631 0.0139191 0.00217486 0.0243584 0.46107 
0.053913 0.00282609 0.00130435 0.00413043 0.462609 0.0158696 0.000869565 0.00413043 0.454348 
0.0547826 0.00347826 0.0026087 0.00152174 0.49913 0.0158696 0.00173913 0.00391304 0.416957 
0.0526087 0.00347826 0.00173913 0.00217391 0.577391 0.0278261 0.00173913 0.00478261 0.328261 
0.0499566 0.00608167 0.00173762 0.00390964 0.549957 0.016073 0.00434405 0.00347524 0.364466 
0.0317529 0.0200087 0.000869943 0.00434972 0.490648 0.0213136 0.00173989 0.0030448 0.426272 
0.0156658 0.0226284 0.00391645 0.00543951 0.637076 0.017624 0.00348129 0.00304613 0.291123 
0.0213601 0.0156931 0.00523104 0.00523104 0.681343 0.027027 0.00348736 0 0.240628 
0.0199826 0.0125977 0.00651607 0.00673328 0.700695 0.0154214 0.00173762 0.00130321 0.235013 
0.0269565 0.00304348 0.00391304 0.00586957 0.746957 0.0228261 0.00130435 0.00217391 0.186957 
0.0130321 0 0.00152042 0.00238923 0.73914 0.0132493 0.00390964 0.0121633 0.214596 
0.00825011 0.000868432 0.00173686 0.00217108 0.754234 0.0151976 0.00477638 0.00955276 0.203213 
0.0130208 0.000434028 0.00217014 0.0062934 0.739583 0.0171441 0.00260417 0.00173611 0.217014 
0.015191 0.00173611 0.000868056 0.00347222 0.75651 0.0164931 0.00303819 0.00173611 0.200955 
0.0138889 0 0 0.00303819 0.759115 0.015625 0.00347222 0.00173611 0.203125 
0.0125868 0.000868056 0.000434028 0.00347222 0.746962 0.016059 0.00130208 0.00173611 0.21658 
0.0113142 0.000870322 0.000870322 0.00348129 0.761097 0.00913838 0.00174064 0.00174064 0.209748 
0.0143416 0.000434594 0.000434594 0.00260756 0.756628 0.0130378 0.00130378 0 0.211213 
0.0113043 0.00173913 0.000434783 0.00456522 0.753913 0.0163043 0.00130435 0 0.210435 
0.00435161 0.0078329 0.00130548 0.00565709 0.740209 0.0182768 0.00130548 0.00174064 0.219321 
0.0021796 0.00087184 0.00087184 0.0043592 0.790323 0.0226678 0.00348736 0.00043592 0.174804 
0.000877578 0.000438789 0.00219394 0.00570426 0.784555 0.0298376 0.00351031 0.00131637 0.171566 
0 0.000439947 0.00263968 0.0041795 0.754509 0.0648922 0.00659921 0.00351958 0.16322 
0.00306614 0 0.00043802 0.00284713 0.730618 0.0466491 0.00350416 0.00525624 0.207622 
0.00832968 0.00131521 0.000438404 0.00197282 0.711092 0.0594038 0.000876808 0.00526085 0.211311 
0.0105079 0 0.000437828 0.000875657 0.747373 0.0225482 0.0030648 0.00240806 0.212785 
0.0126527 0 0 0.00370855 0.76178 0.0167976 0.0004363 0.0030541 0.201571 
0.0126859 0 0.00131234 0.00371829 0.739283 0.0277778 0.00218723 0.00262467 0.210411 
0.0113686 0 0.00218627 0.00459117 0.717534 0.0443813 0.00262352 0.00262352 0.214692 
0.0122431 0.00306078 0.00131176 0.00459117 0.733275 0.0308264 0 0.00262352 0.212068 
0.00218245 0.0104758 0.000436491 0.00436491 0.728503 0.0366652 0 0.000872981 0.216499 
0.00436872 0.00742682 0.00131062 0.00327654 0.698995 0.0570118 0.000873744 0.00218436 0.224552 
0.0115872 0.00306078 0.000437254 0.00109314 0.67993 0.0754263 0.000655881 0.00131176 0.226498 
0.0153441 0.00219202 0.000876808 0.00328803 0.652345 0.0804472 0 0.00131521 0.244191 
0.0240385 0.00262238 0.000874126 0.00284091 0.689248 0.0456731 0.00131119 0.00131119 0.23208 
0.00787746 0.000875274 0.00218818 0.00284464 0.708972 0.0413567 0.00175055 0.0210066 0.213129 
0.00747253 0.00131868 0.00307692 0.00725275 0.693626 0.038022 0.00307692 0.0241758 0.221978 
0.00436491 0.00436491 0.00567438 0.0109123 0.688346 0.0253165 0.00174596 0.0253165 0.233959 
0.00565709 0.00348129 0.00739774 0.00913838 0.706266 0.010879 0.00174064 0.0226284 0.232811 
0.015659 0.00260983 0.00695955 0.00739452 0.717703 0.00652458 0.000869943 0.015659 0.22662 
0.0260983 0.0030448 0.00956938 0.0213136 0.705959 0.00391475 0.00173989 0.00434972 0.22401 
0.0256745 0.00609225 0.00348129 0.0143603 0.724543 0.00217581 0.00217581 0.00217581 0.219321 
0.0370209 0.00304878 0.00174216 0.0121951 0.710801 0.00348432 0.00087108 0.00261324 0.228223 
0.0402524 0.000870322 0.0010879 0.00522193 0.709965 0.00826806 0.00282855 0.00261097 0.228895 
0.0426087 0.000869565 0 0.00369565 0.633478 0.0336957 0.00565217 0.00826087 0.271739 
0.0288336 0.0152905 0.00262123 0.0126693 0.658366 0.068152 0.00873744 0.0161643 0.189166 
0.0302234 0.0258432 0.0065703 0.0359177 0.684626 0.0254052 0.00525624 0.0043802 0.181778 
0.0274846 0.00791557 0.00307828 0.0167106 0.688215 0.0356201 0.0156113 0.0171504 0.188215 
0.0237676 0.00682218 0.00264085 0.0127641 0.703785 0.0444542 0.0140845 0.0165053 0.175176 
0.0548968 0.00658762 0.00131752 0.0281072 0.661836 0.0184453 0.010101 0.0215195 0.197189 
0.0596491 0.00438596 0.00526316 0.0442982 0.450439 0.0960526 0.0100877 0.0438596 0.285965 
0.0398249 0.00743982 0.00743982 0.0496718 0.332604 0.135886 0.0236324 0.073523 0.329978 
0.0551905 0.0087604 0.00700832 0.0359177 0.34516 0.176084 0.0310994 0.0670171 0.273763 
0.113686 0.00480979 0.00655881 0.0177088 0.312855 0.180367 0.0382597 0.0336686 0.292086 
0.122538 0.00656455 0.0100656 0.0422319 0.346171 0.156018 0.0363239 0.0175055 0.262582 
0.129089 0.00523332 0.00479721 0.0222416 0.204972 0.0470999 0.00305277 0.0200611 0.563454 
0.121781 0.0100393 0.00218245 0.0202968 0.194238 0.0495417 0.00305543 0.024007 0.574858 
0.111305 0.0048014 0.00327368 0.0137495 0.180052 0.0901353 0.0161502 0.0292449 0.551288 
0.107719 0.00566943 0.00174444 0.00784998 0.165722 0.0924553 0.0135194 0.0287833 0.576537 
0.0914847 0.00524017 0.00436681 0.00895196 0.304367 0.0958515 0.00676856 0.0388646 0.444105 
0.0760157 0.0030581 0.00218436 0.0137615 0.372215 0.219528 0.0345129 0.0690258 0.209699 
0.0179274 0.00131176 0.000874508 0.00983822 0.373415 0.183428 0.0419764 0.1115 0.259729 
0.00611888 0.000437063 0.00262238 0.0104895 0.42701 0.162587 0.110577 0.027535 0.252622 
0.00959442 0.00087222 0.00130833 0.00370693 0.363716 0.110554 0.0492804 0.00610554 0.454863 
0.0034904 0 0.004363 0.0074171 0.386998 0.175829 0.0405759 0.0026178 0.378709 
0.00174444 0 0.00109027 0.00588748 0.330789 0.176843 0.0300916 0.00784998 0.445704 
0.00261894 0.000872981 0.00130947 0.00894806 0.367962 0.230249 0.0104758 0.0122217 0.365343 
0.00788782 0.00219106 0.00219106 0.00569676 0.383874 0.266871 0.0503944 0.0148992 0.265995 
0.008726 0.0017452 0.0008726 0.0091623 0.168194 0.147906 0.0320681 0.021815 0.609511 
0.0069535 0.000434594 0.00217297 0.00869187 0.168622 0.123207 0.0282486 0.0293351 0.632334 
0.0131004 0.0010917 0.00262009 0.0148472 0.195197 0.0923581 0.0200873 0.0135371 0.647162 
0.011775 0 0.00218055 0.00654165 0.26908 0.116877 0.0148277 0.0104666 0.568251 
0.0157137 0.000872981 0.0048014 0.00698385 0.322567 0.122654 0.00654736 0.00436491 0.515495 
0.0100481 0.00131062 0.000873744 0.00830057 0.363477 0.197029 0.0109218 0.00611621 0.401922 
0.00612423 0.00262467 0.00349956 0.0177165 0.429571 0.185258 0.0529309 0.0179353 0.284339 
0.0017414 0 0.00130605 0.00870701 0.0814105 0.134959 0.0187201 0.0026121 0.750544 
0.00478469 0.00130492 0.000869943 0.00717703 0.0443671 0.131361 0.0426272 0.0119617 0.755546 
0.0135076 0.00174292 0.00130719 0.00305011 0.0413943 0.0858388 0.0257081 0.020915 0.806536 
0.0234579 0.00304083 0.00238923 0.0108601 0.0692876 0.0560382 0.0238923 0.0165074 0.794527 
0.0193394 0.0217297 0.00760539 0.0162973 0.10126 0.0328118 0.0195567 0.00869187 0.772708 
0.0308696 0.0221739 0.0134783 0.0269565 0.0886957 0.0247826 0.0165217 0.0117391 0.764783 
0.0769231 0.0112994 0.011734 0.0217297 0.0847458 0.0212951 0.00782269 0.0282486 0.736202 
0.0328261 0.00673913 0.0121739 0.0076087 0.096087 0.0378261 0.0115217 0.0117391 0.783478 
0.0204259 0.00651891 0.0112994 0.00239026 0.0882225 0.0606258 0.0147762 0.0152108 0.78053 
0.0169492 0.00608431 0.0147762 0.00347675 0.0451977 0.0986528 0.0217297 0.0178183 0.775315 
0.01802 0.0154147 0.0125923 0.00477638 0.0325662 0.0633956 0.0219279 0.0214937 0.809813 
0.0182529 0.0186875 0.0291178 0.0173837 0.0604085 0.0169492 0.0121686 0.0178183 0.809213 
0.0136719 0.00434028 0.00694444 0.0125868 0.102865 0.0238715 0.015842 0.0138889 0.80599 
0.0138889 0.00217014 0.00954861 0.00564236 0.171441 0.00520833 0.00260417 0.00477431 0.784722 
0.128222 0.102889 0.0957778 0.0991111 0.151111 0.116 0.0986667 0.109111 0.0991111 
0.153412 0.0178183 0.00869187 0.000869187 0.000869187 0.000869187 0.00217297 0.00391134 0.811386 
0.162538 0.0123859 0.00564972 0.00173837 0.00130378 0.00217297 0.00521512 0.00630161 0.802694 
0.138201 0.011734 0.00521512 0.00173837 0 0.000869187 0.00956106 0.0243372 0.808344 
0.0786614 0.00782269 0.00217297 0.00173837 0.00434594 0.00347675 0.0108648 0.0760539 0.814863 
0.111908 0.0143416 0.00391134 0.00130378 0.00260756 0.00304216 0.00586701 0.0391134 0.817905 
0.134666 0.00999131 0.00390964 0.00260643 0.00390964 0.00130321 0.00304083 0.016073 0.8245 
0.074066 0.0653779 0.0275847 0.0186794 0.0152042 0.00217202 0.00260643 0.00412685 0.790182 
0.0247718 0.0738809 0.0352021 0.0408518 0.013907 0.00260756 0.0069535 0.00608431 0.795741 
0.0278382 0.0110918 0.0132666 0.0713354 0.0254458 0.0171814 0.0239234 0.046542 0.763375 
0.0091225 0.00608167 0.0125977 0.0275847 0.0286707 0.0132493 0.0673328 0.0499566 0.785404 
0.0236648 0.00955276 0.0197568 0.0201911 0.103561 0.0327833 0.0171515 0.0134607 0.759878 
0.0217108 0.0108554 0.0134607 0.00477638 0.0846722 0.0373426 0.0208424 0.0286583 0.777681 
0.0256188 0.0251845 0.00781589 0.00998697 0.0586192 0.0217108 0.0104212 0.00217108 0.838472 
0.0557968 0.0308294 0.0336518 0.0138949 0.0312636 0.0112896 0.0256188 0.0230135 0.774642 
0.0598958 0.0260417 0.0264757 0.0416667 0.0277778 0.00911458 0.00607639 0.0134549 0.789497 
0.0907906 0.0199826 0.0158558 0.0304083 0.0388792 0.0132493 0.0186794 0.0284535 0.743701 
0.0831163 0.0230035 0.0173611 0.0147569 0.0169271 0.0164931 0.015842 0.0208333 0.791667 
0.08033 0.0238819 0.0182371 0.0495007 0.0351715 0.00607903 0.00390795 0.00694746 0.775944 
0.0921339 0.0165146 0.013907 0.0134724 0.0208605 0.01608 0.0156454 0.055628 0.755758 
0.135041 0.00521059 0.00434216 0.00390795 0.00738168 0.00781589 0.0108554 0.0234477 0.801997 
0.112777 0.0404172 0.0130378 0.00347675 0.00782269 0.00391134 0.00847458 0.00478053 0.805302 
0.0677966 0.00456323 0.0069535 0.00564972 0.027814 0.0382442 0.0512821 0.0484572 0.749239 
0.112826 0.0269565 0.0232609 0.016087 0.0152174 0.00782609 0.0343478 0.023913 0.739565 
0.0977836 0.0239027 0.043894 0.0182529 0.0143416 0.0130378 0.0147762 0.0134724 0.760539 
0.112462 0.0390795 0.022145 0.00998697 0.0282241 0.00607903 0.0390795 0.0125923 0.730352 
0.109422 0.01802 0.0184542 0.0112896 0.0128094 0.00477638 0.0178029 0.0475467 0.759878 
0.0591047 0.0206432 0.0067362 0.00825728 0.0317253 0.00869187 0.0115167 0.0810517 0.772273 
0.087136 0.0269448 0.00738809 0.00434594 0.0330291 0.0112994 0.0106475 0.041721 0.777488 
0.112511 0.0317116 0.0165074 0.00564726 0.0191138 0.00955691 0.00738488 0.00608167 0.791486 
0.0777923 0.0243372 0.0267275 0.0282486 0.0202086 0.00521512 0.00391134 0.00217297 0.811386 
0.139955 0.101116 0.0921875 0.103795 0.152232 0.131473 0.0959821 0.0899554 0.0933036 
0.00738168 0.00738168 0.0026053 0.00455927 0.0147634 0.0264872 0.0178029 0.0206253 0.898393 
0.00911854 0.00868433 0.00846722 0.0186713 0.0297438 0.00477638 0.00390795 0.0147634 0.901867 
0.00477638 0.000868432 0.00564481 0.00303951 0.0156318 0.00564481 0.022145 0.0534086 0.888841 
0.00521059 0.00477638 0.00195397 0.00173686 0.00673035 0.0115067 0.0290925 0.046244 0.892749 
0.0026053 0 0.00173686 0.00130265 0.00564481 0.0143291 0.0512375 0.0373426 0.885801 
0.00238819 0.000868432 0.00151976 0.00477638 0.00890143 0.0277898 0.0353886 0.0369084 0.881459 
0.00911458 0.000868056 0.00260417 0.00477431 0.0147569 0.0230035 0.0251736 0.0360243 0.883681 
0.109375 0.0327691 0.0212674 0.0180122 0.0143229 0.0136719 0.0121528 0.0223524 0.756076 
0.648132 0.0178106 0.0295395 0.0278019 0.0104257 0.00651607 0.00564726 0.0156386 0.238488 
0.628745 0.0178029 0.0238819 0.0434216 0.0269214 0.0026053 0.0026053 0.0104212 0.243595 
0.621962 0.0203993 0.00607639 0.030816 0.0668403 0.0121528 0.00477431 0.0112847 0.225694 
0.637153 0.0134549 0.00217014 0.0119358 0.0499132 0.0766059 0.0078125 0.0177951 0.18316 
0.50434 0.00694444 0.00303819 0.00672743 0.0405816 0.0987413 0.0062934 0.00303819 0.330295 
0.514124 0.00825728 0.00478053 0.00999565 0.041721 0.0808344 0.00782269 0.00564972 0.326814 
0.555122 0.0123698 0.0125868 0.0141059 0.0460069 0.062066 0.00520833 0.00260417 0.289931 
0.552083 0.0147569 0.00347222 0.0221354 0.0477431 0.0564236 0.00390625 0.00694444 0.292535 
0.543043 0.01 0.00217391 0.0152174 0.0708696 0.0384783 0.00478261 0.00369565 0.311739 
0.519323 0.0104212 0.00130265 0.0104212 0.0996526 0.022145 0.00673035 0.00521059 0.324794 
0.509549 0.00520833 0.00173611 0.00694444 0.107639 0.0230035 0.00477431 0.00651042 0.334635 
0.506293 0.0108507 0.00303819 0.00390625 0.101128 0.0295139 0.00585938 0.0078125 0.331597 
0.539062 0.00564236 0.000434028 0.00173611 0.106771 0.0260417 0.00347222 0.00390625 0.312934 
0.540799 0.00868056 0.00651042 0.0132378 0.094184 0.0186632 0.00737847 0.0093316 0.301215 
0.513021 0.0104167 0.00347222 0.0329861 0.0742188 0.0203993 0.00737847 0.00911458 0.328993 
0.510417 0.0169271 0.00412326 0.0379774 0.0588108 0.0115017 0.0125868 0.0112847 0.336372 
0.499783 0.0225989 0.00738809 0.0252064 0.0634507 0.00956106 0.00869187 0.0143416 0.348979 
0.516059 0.0203993 0.00520833 0.0112847 0.078125 0.00564236 0.00737847 0.0143229 0.34158 
0.521267 0.0121528 0.00716146 0.00564236 0.093316 0.00477431 0.00542535 0.00824653 0.342014 
0.563885 0.0069535 0.00282486 0.00738809 0.0895263 0.00564972 0.00564972 0.00956106 0.308562 
0.594266 0.00499566 0.00347524 0.00347524 0.0990443 0.0143354 0.00477845 0.0102085 0.265421 
0.568576 0.0119358 0.00651042 0.00564236 0.103733 0.0112847 0.00130208 0.00542535 0.28559 
0.510417 0.0121528 0.00390625 0.00737847 0.108507 0.0104167 0.00347222 0.00477431 0.338976 
0.510204 0.0134607 0.00564481 0.00564481 0.114633 0.00716457 0.00911854 0.00976987 0.32436 
0.500651 0.0138949 0.00564481 0.00651324 0.123317 0.00434216 0.00173686 0.00521059 0.338689 
0.501302 0.0121528 0.00347222 0.0112847 0.116753 0.00737847 0.00737847 0.00694444 0.333333 
0.482848 0.00998697 0.00607903 0.00738168 0.111594 0.00390795 0.00998697 0.00998697 0.358228 
0.370386 0.0151976 0.00347373 0.00651324 0.102909 0.00911854 0.00694746 0.00911854 0.476335 
0.375163 0.00694746 0.00651324 0.0186713 0.0911854 0.00390795 0.00651324 0.00521059 0.485888 
0.282118 0.00998264 0.00347222 0.0234375 0.0698785 0.00868056 0.00607639 0.00434028 0.592014 
0.257924 0.0123752 0.00673035 0.016066 0.0627442 0.00564481 0.0125923 0.00716457 0.618758 
0.348827 0.0532146 0.0167246 0.0134666 0.0914422 0.00955691 0.00825369 0.0158558 0.442659 
0.25434 0.0203993 0.00651042 0.00477431 0.0996094 0.00911458 0.00455729 0.00868056 0.592014 
0.269214 0.00911854 0.00564481 0.00955276 0.109422 0.00434216 0.00434216 0.00564481 0.582718 
0.275727 0.0125923 0.00868433 0.0138949 0.11637 0.00325662 0.00173686 0.00282241 0.564915 
0.324219 0.0078125 0.00477431 0.0169271 0.109809 0.00173611 0.000868056 0.00173611 0.532118 
0.404514 0.00911458 0.00520833 0.0112847 0.112847 0.00434028 0.00260417 0.00173611 0.448351 
0.465929 0.00607639 0.00130208 0.00737847 0.105035 0.00477431 0.0015191 0.00737847 0.400608 
0.476562 0.00824653 0.00217014 0.00564236 0.0985243 0.0108507 0.0117188 0.00434028 0.381944 
0.473958 0.00694444 0.000434028 0.00390625 0.0924479 0.00607639 0.0117188 0.0134549 0.391059 
0.500868 0.00694444 0.00260417 0.00607639 0.0842014 0.00824653 0.00824653 0.0130208 0.369792 
0.533854 0.00651042 0.00585938 0.00694444 0.0813802 0.00217014 0.00260417 0.0108507 0.349826 
0.353632 0.0113093 0.00717703 0.0226185 0.0602436 0.00478469 0.00217486 0.00826446 0.529796 
0.354348 0.00608696 0.00695652 0.03 0.05 0.00478261 0.00391304 0.00304348 0.54087 
0.222753 0.0119409 0.00564481 0.0295267 0.0590534 0.00651324 0.00303951 0.00195397 0.659574 
0.266059 0.00499132 0.00260417 0.0182292 0.0755208 0.00303819 0.00347222 0.00238715 0.623698 
0.271621 0.00173837 0.00130378 0.00999565 0.0830074 0.00651891 0.00391134 0.00130378 0.6206 
0.246742 0.00629887 0.00217202 0.00825369 0.0864466 0.00390964 0.00521286 0.00238923 0.638575 
0.199739 0.00738168 0.00347373 0.0147634 0.0785931 0.00477638 0.00434216 0.00130265 0.685627 
0.161375 0.00478469 0.00565463 0.00826446 0.0869943 0.00347977 0.00217486 0.000434972 0.726838 
0.126087 0.00391304 0.00347826 0.00826087 0.0934783 0.00304348 0.00391304 0.00217391 0.755652 
0.224685 0.00434594 0.00391134 0.00260756 0.0873533 0.00391134 0.00347675 0.00260756 0.667101 
0.0586192 0.00173686 0.0026053 0.00651324 0.0933565 0.00130265 0.00347373 0.00130265 0.83109 
0.0416848 0.00303951 0.00390795 0.0130265 0.0898828 0.00130265 0.00173686 0.00173686 0.843682 
0.0273438 0.000868056 0.00217014 0.0143229 0.0885417 0.00217014 0.00130208 0.00130208 0.861979 
0.0407986 0.000434028 0.00434028 0.0134549 0.0811632 0.00173611 0.00173611 0 0.856337 
0.0825369 0.00347524 0.00477845 0.0260643 0.0699392 0.00173762 0.00086881 0.000434405 0.810165 
0.0360243 0.00390625 0.00911458 0.03125 0.0590278 0.00130208 0 0 0.859375 
0.031684 0.00477431 0.0125868 0.0386285 0.0490451 0 0 0.000868056 0.862413 
0.0468954 0.00651324 0.0125923 0.0273556 0.0395137 0.00130265 0.000434216 0.0026053 0.862788 
0.266725 0.020417 0.00390964 0.00477845 0.0173762 0.0264987 0.0195482 0.0195482 0.621199 
0.42702 0.0199826 0.00738488 0.00695048 0.00825369 0.00825369 0.0230235 0.0251955 0.473936 
0.607469 0.0360399 0.0169344 0.00521059 0.00868433 0.00911854 0.00781589 0.0143291 0.294399 
0.58232 0.0147698 0.0310599 0.0147698 0.0102085 0.00304083 0.00369244 0.016073 0.324066 
0.0807292 0.00520833 0.0325521 0.030816 0.00824653 0.00130208 0.00347222 0.0347222 0.802951 
0.141276 0.00303819 0.0234375 0.015625 0.0277778 0.000434028 0.00282118 0.0716146 0.713976 
0.383196 0.0134607 0.0156318 0.00217108 0.0186713 0.0195397 0.0149805 0.302215 0.230135 
0.269214 0.0108554 0.000434216 0.00151976 0.0134607 0.0167173 0.0264872 0.224924 0.436387 
0.288971 0.00759878 0.00217108 0.00217108 0.00434216 0.0277898 0.0249674 0.245115 0.396874 
0.0290925 0.00217108 0.00347373 0 0.00955276 0.0338689 0.0195397 0.0403821 0.861919 
0.0256188 0.00217108 0.0026053 0.0054277 0.0143291 0.0388624 0.0204082 0.0343031 0.856274 
0.00738168 0 0.00173686 0.00303951 0.0238819 0.0416848 0.0104212 0.0169344 0.89492 
0.0173611 0.000868056 0.00260417 0.00260417 0.0386285 0.0125868 0.00520833 0.00694444 0.913194 
0.114149 0.00434028 0.00434028 0.0171441 0.0290799 0.0332031 0.00998264 0.521267 0.266493 
0.0729167 0.000434028 0.00130208 0.00217014 0.016276 0.0138889 0.014974 0.0394965 0.838542 
0.0653212 0 0.00108507 0.000434028 0.0167101 0.00651042 0.0141059 0.0329861 0.862847 
0.169922 0.00260417 0.00303819 0.00173611 0.0177951 0.0138889 0.0193142 0.490885 0.280816 
0.0329861 0.00998264 0.00564236 0.00390625 0.0290799 0.0104167 0.0138889 0.0611979 0.832899 
0.0362571 0.00781589 0.00651324 0.00347373 0.0295267 0.0121581 0.0167173 0.0303951 0.857143 
0.0429688 0.00954861 0.0117188 0.00824653 0.0290799 0.0195312 0.0234375 0.113281 0.742188 
0.0396169 0.0034828 0.00326513 0.0043535 0.051589 0.0191554 0.00827166 0.0169787 0.853287 
0.0374076 0.0104393 0.00347977 0.00260983 0.0173989 0.00565463 0.015659 0.014789 0.892562 
0.00698995 0.00218436 0.00502403 0.00524246 0.609873 0.0214067 0.0137615 0.013543 0.321975 
0.0135371 0.0187773 0.00655022 0.010262 0.627074 0.00851528 0.00262009 0.00131004 0.311354 
0.126272 0.146617 0.137107 0.093985 0.130473 0.109465 0.0944272 0.084697 0.0769571 
0.0134607 0 0.000434216 0 0.00781589 0.0232306 0.107251 0.103995 0.743812 
0.0330148 0.00781929 0.00955691 0.00477845 0.0154214 0.0169418 0.0501738 0.102954 0.75934 
0.00217297 0.00173837 0.0239027 0.0352021 0.0795306 0.0656236 0.00130378 0.000869187 0.789657 
0.0859748 0.0959618 0.0151976 0.00955276 0.0204082 0.00390795 0.00303951 0.00694746 0.75901 
0.0152174 0.00434783 0.00391304 0.0195652 0.0134783 0.0515217 0.0713044 0.0593478 0.761304 
0.0366913 0.00651324 0.0330004 0.0599218 0.0212766 0.00564481 0.0054277 0.00521059 0.826313 
0.00607639 0.016059 0.061849 0.107639 0.0292969 0.0125868 0.00303819 0.00434028 0.759115 
0 0 0.00173686 0.00108554 0.0694746 0.151324 0.0182371 0.000868432 0.757273 
0.0026053 0.000868432 0.00108554 0.0117238 0.0332175 0.133304 0.0495007 0 0.767694 
0.0173687 0.00911854 0.0201911 0.0379939 0.0870604 0.0536257 0.00564481 0.00173686 0.76726 
0.0086881 0.0336664 0.0273675 0.0319288 0.0317116 0.00217202 0.00173762 0.00260643 0.860122 
0.0271385 0.0347373 0.0640469 0.0927052 0.0147634 0.00303951 0.00130265 0.00325662 0.75901 
0.0316978 0.0271385 0.115067 0.0857577 0.00868433 0.000434216 0.000868432 0.000434216 0.729918 
0.032132 0.0271385 0.126357 0.066218 0.0104212 0.00303951 0.00347373 0.00347373 0.727746 
0.0132436 0.0143291 0.128962 0.0633956 0.00868433 0.000434216 0.00325662 0.022145 0.745549 
0.00586192 0.0286583 0.088363 0.0716457 0.0136778 0.00303951 0.00716457 0.0225792 0.75901 
0.0104212 0.0273556 0.0238819 0.11333 0.0217108 0.00130265 0.0104212 0.0134607 0.778116 
0.0199653 0.0225694 0.0104167 0.0208333 0.0755208 0.00303819 0.00477431 0.00390625 0.838976 
0.0329861 0.00651042 0.00998264 0.0282118 0.0737847 0.0169271 0.00998264 0.016059 0.805556 
0.0368924 0.00303819 0.00260417 0.0434028 0.0716146 0.0208333 0.0394965 0.0164931 0.765625 
0.0342882 0.000868056 0.00520833 0.0460069 0.0625 0.00824653 0.0234375 0.0208333 0.798611 
0.0342882 0.0143229 0.0190972 0.0525174 0.0581597 0.00347222 0.00347222 0.00347222 0.811198 
0.00911458 0.0184462 0.0431858 0.111328 0.0256076 0.00347222 0.0349392 0.0169271 0.736979 
0.0375597 0.0264872 0.0254016 0.0243161 0.038211 0.0178029 0.0334347 0.0225792 0.774208 
0.0594618 0.00651042 0.00390625 0.00477431 0.0303819 0.0264757 0.0421007 0.0186632 0.807726 
0.0507812 0.00954861 0.00520833 0.00824653 0.0377604 0.0256076 0.030816 0.015625 0.816406 
0.0542535 0.0123698 0.00217014 0.00868056 0.0360243 0.0134549 0.00564236 0.0123698 0.855035 
0.0212674 0.0507812 0.0559896 0.00998264 0.0256076 0.00694444 0.0138889 0.00954861 0.80599 
0.015842 0.0768229 0.0614149 0.0321181 0.0225694 0 0.000434028 0.000434028 0.790365 
0.0282118 0.0355903 0.0855035 0.0303819 0.0303819 0.00130208 0 0.00173611 0.786892 
0.03125 0.0186632 0.0364583 0.0321181 0.0342882 0.00173611 0.00303819 0.00347222 0.838976 
0.0177951 0.016059 0.0173611 0.0199653 0.0355903 0.00607639 0.0169271 0.0117188 0.858507 
0.0273438 0.0130208 0.016059 0.0195312 0.0282118 0.0171441 0.0342882 0.0483941 0.796007 
0.0451389 0.00651042 0.00564236 0.00846354 0.0212674 0.0342882 0.0720486 0.0852865 0.721354 
0.0277778 0.031033 0.0985243 0.0299479 0.0195312 0.0414497 0.0264757 0.0169271 0.708333 
0.0130208 0.00564236 0.0214844 0.0716146 0.0401476 0.00737847 0.00651042 0.0203993 0.813802 
0.0256076 0.00651042 0.00911458 0.0438368 0.0247396 0.0434028 0.0108507 0.0243056 0.811632 
0.0130208 0.00368924 0.00607639 0.00846354 0.0407986 0.046875 0.0946181 0.0230035 0.763455 
0.00520833 0.00390625 0.00520833 0.00607639 0.0217014 0.0872396 0.0742188 0.03125 0.765191 
0.00868056 0.0147569 0.0256076 0.00477431 0.0169271 0.0434028 0.062066 0.016059 0.807726 
0.0138889 0.0214844 0.0737847 0.0115017 0.0225694 0.030816 0.0542535 0.00694444 0.764757 
0.0206342 0.013901 0.0801477 0.0169418 0.0147698 0.0191138 0.0273675 0.00781929 0.799305 
0.0169344 0.0178029 0.0924881 0.0273556 0.0299609 0.0256188 0.0134607 0.00911854 0.76726 
0.0486322 0.0555797 0.0330004 0.0230135 0.0373426 0.0143291 0.0121581 0.0343031 0.741641 
0.0297309 0.0197483 0.00868056 0.00716146 0.0421007 0.0299479 0.0427517 0.0833333 0.736545 
0.0225694 0.0143229 0.0132378 0.0112847 0.0251736 0.0403646 0.0718316 0.0924479 0.708767 
0.0325662 0.00976987 0.0169344 0.0199739 0.0108554 0.0115067 0.0833695 0.118107 0.696917 
0.0850694 0.000868056 0.00130208 0.00130208 0.00694444 0.0303819 0.0460069 0.0850694 0.743056 
0.10026 0.00954861 0 0.00260417 0.00976562 0.0251736 0.0384115 0.030816 0.78342 
0.0588108 0.0494792 0.0488281 0.00607639 0.00824653 0.0225694 0.0221354 0.0195312 0.764323 
0.130057 0.101348 0.0567638 0.00565463 0.0130492 0.015659 0.0115268 0.0187038 0.647238 
0.0347222 0.0802951 0.0460069 0.00737847 0.0264757 0.0104167 0.00564236 0.00130208 0.78776 
0.105515 0.107469 0.022145 0.00564481 0.0238819 0 0.00434216 0.0054277 0.725575 
0.0598958 0.0117188 0.0203993 0.0234375 0.00173611 0.0247396 0.0247396 0.0729167 0.760417 
0.0534318 0.0173762 0.0273675 0.03649 0.00955691 0.00390964 0.0360556 0.0886186 0.727194 
0.0264872 0.0130265 0.0195397 0.0607903 0.016066 0.0026053 0.00868433 0.0351715 0.817629 
0.0336518 0.0236648 0.0212766 0.0327833 0.0508033 0.0143291 0.00933565 0.0312636 0.782892 
0.0419201 0.0130321 0.0304083 0.0173762 0.0112945 0.0195482 0.053649 0.0629887 0.749783 
0.0562554 0.018245 0.0362728 0.0230235 0.00825369 0.00695048 0.020417 0.112945 0.717637 
0.148974 0.131133 0.0927743 0.0820696 0.127788 0.110393 0.0983497 0.10504 0.103479 
0.134043 0.114292 0.100533 0.0992011 0.112073 0.106968 0.112739 0.121172 0.0989791 
0.0968302 0.0749023 0.0299609 0.00998697 0.00390795 0.00955276 0.0130265 0.00238819 0.759444 
0.121094 0.104818 0.015625 0.00868056 0.0199653 0.00173611 0.00303819 0.00325521 0.721788 
0.189236 0.0525174 0.00954861 0.00998264 0.00737847 0.00260417 0.00434028 0.0264757 0.697917 
0.203559 0.0247396 0.00520833 0.00130208 0.015191 0.00173611 0.00607639 0.0850694 0.657118 
0.126791 0.0835866 0.00390795 0.00173686 0.00434216 0.0026053 0.0178029 0.0887972 0.67043 
0.112196 0.0655382 0.00651042 0 0 0.000434028 0.00846354 0.0533854 0.753472 
0.145833 0.0520833 0.00694444 0.0015191 0.00607639 0.00564236 0.0221354 0.0592448 0.700521 
0.0199653 0.0557726 0.0820312 0.0243056 0.0295139 0.00260417 0.00564236 0.015842 0.764323 
0.0117188 0.0240885 0.108073 0.138672 0.0108507 0.00347222 0.00694444 0.00434028 0.69184 
0.0112847 0.0199653 0.0881076 0.185764 0.0208333 0.00347222 0.00130208 0.000868056 0.668403 
0.00390625 0.030599 0.137804 0.149957 0.0188802 0.000434028 0.000868056 0.000434028 0.657118 
0.00390625 0.0243056 0.093316 0.205729 0.0186632 0.00303819 0.000868056 0.00173611 0.648438 
0.0269214 0.0323491 0.070343 0.180417 0.0204082 0.00303951 0.000868432 0.00303951 0.662614 
0.494128 0.0989561 0.0893867 0.0221836 0.00978686 0.00478469 0.0104393 0.0163114 0.254023 
0.526454 0.136423 0.0314823 0.000437254 0.00918233 0.0104941 0.0214254 0.0205509 0.243551 
0.559912 0.103965 0.00484581 0.00176211 0.000440529 0.0114537 0.0427313 0.0356828 0.239207 
0.566784 0.060413 0.00746924 0.00571178 0.00834798 0.0101054 0.0549209 0.0423989 0.243849 
0.553407 0.0505495 0.0101099 0.00659341 0.00879121 0.0158242 0.0641758 0.0356044 0.254945 
0.424142 0.0193492 0.0109938 0.0109938 0.0127529 0.00967458 0.0833333 0.167986 0.260774 
0.342094 0.0185512 0.0123675 0.00750883 0.0136926 0.00971731 0.133613 0.193905 0.268551 
0.31594 0.0325848 0.0270806 0.0147512 0.0228974 0.0173932 0.226332 0.0625275 0.280493 
0.27907 0.0987275 0.045634 0.0465116 0.047828 0.0513383 0.0947784 0.0473892 0.288723 
0.30372 0.0811816 0.0424508 0.0459519 0.0553611 0.0402626 0.0632385 0.0553611 0.312473 
0.301754 0.0232456 0.0201754 0.0157895 0.0208333 0.0315789 0.194079 0.0644737 0.32807 
0.325525 0.0770578 0.113616 0.0175131 0.0210158 0.040718 0.0323993 0.0315236 0.34063 
0.283341 0.0986008 0.135986 0.0247049 0.0327941 0.0341058 0.0148666 0.0170529 0.358548 
0.256567 0.12303 0.118433 0.0361208 0.0378722 0.0164186 0.0214536 0.0157618 0.374343 
0.226341 0.175534 0.0876581 0.035761 0.0370693 0.0152638 0.011775 0.0176625 0.392935 
0.233494 0.188894 0.0548754 0.0323568 0.0314823 0.0109314 0.012899 0.0118059 0.423262 
0.30311 0.13053 0.0451161 0.042707 0.0183968 0.00153307 0.00832238 0.00919842 0.441086 
0.0512484 0.283837 0.0722733 0.0902321 0.0473062 0.00262812 0.00394218 0.00394218 0.44459 
0.0226284 0.27154 0.021758 0.144909 0.0778938 0.00565709 0.00174064 0.00217581 0.451697 
0.247602 0.0346556 0.0278989 0.0793374 0.154316 0.00348736 0.00130776 0.00675676 0.444638 
0.263319 0.0122271 0.0157205 0.0281659 0.20393 0.0231441 0.0157205 0.0124454 0.425328 
0.254245 0.0165433 0.0195908 0.0215498 0.181976 0.0520244 0.0182847 0.00870701 0.427079 
0.246389 0.0347921 0.0350109 0.0185996 0.156455 0.0689278 0.0137856 0.0107221 0.415317 
0.267569 0.0305543 0.0109123 0.0157137 0.197949 0.0288084 0.011567 0.0174596 0.419467 
0.265333 0.00978686 0.00695955 0.110918 0.125707 0.0139191 0.00347977 0.0311005 0.432797 
0.250653 0.0126197 0.00979112 0.127937 0.112054 0.0130548 0.01349 0.0348129 0.425587 
0.253484 0.00740418 0.010453 0.10453 0.148955 0.0156794 0.0143728 0.0191638 0.425958 
0.258065 0.0152572 0.0396687 0.101569 0.122929 0.00915432 0.00479512 0.0200523 0.428509 
0.266608 0.048514 0.0402098 0.0406469 0.0699301 0.00743007 0.00786713 0.0236014 0.495192 
0.356234 0.0285338 0.00395083 0.00614574 0.00921861 0.00570676 0.00812116 0.0289728 0.553117 
0.471116 0.0332604 0.00503282 0.00393873 0.00962801 0.004814 0.00700219 0.0183807 0.446827 
0.527145 0.0144483 0.0030648 0.00131349 0.000875657 0.00262697 0.0061296 0.0109457 0.43345 
0.531715 0.0122485 0.00306212 0 0.00568679 0.00174978 0.00503062 0.0174978 0.42301 
0.451789 0.034904 0.0052356 0 0.0004363 0.0030541 0.00589005 0.0266143 0.472077 
0.342311 0.0666811 0.0312771 0.0128149 0.0421373 0.00695048 0.00347524 0.00999131 0.484361 
0.39306 0.0325186 0.0048014 0.0117852 0.0318638 0.0205151 0.0168049 0.0298996 0.458752 
0.375868 0.00303819 0.000434028 0 0 0.00173611 0.046875 0.0681424 0.503906 
0.406972 0.0812636 0.00261438 0.00043573 0.00130719 0.00152505 0.037037 0.0257081 0.443137 
0.126034 0.0163256 0.016108 0.0017414 0.00217675 0.0117545 0.0568132 0.118198 0.650849 
0.078559 0.0104167 0.0138889 0.00303819 0.00607639 0.0110677 0.0329861 0.110026 0.733941 
0.0358228 0.0568823 0.0312636 0.0299609 0.0104212 0.0197568 0.0466782 0.0905341 0.67868 
0.0269682 0.0239234 0.0126142 0.0284906 0.0517616 0.0258808 0.0191388 0.0134841 0.797738 
0.024815 0.0165433 0.0232912 0.0365694 0.102525 0.0505007 0.00914236 0.0143666 0.722246 
0.0138949 0.0169344 0.0538428 0.0429874 0.0733825 0.0495007 0.0191055 0.0303951 0.699957 
0.0321739 0.0202174 0.033913 0.0458696 0.063913 0.066087 0.0234783 0.0221739 0.692174 
0.017601 0.0273794 0.0260756 0.0399826 0.0977836 0.053455 0.0236854 0.0443286 0.669709 
0.0236648 0.0130265 0.00781589 0.0256188 0.102258 0.0442901 0.0447243 0.0655667 0.673035 
0.0219279 0.0158489 0.022145 0.0264872 0.0369084 0.0299609 0.0857577 0.0861919 0.674772 
0.0269097 0.0108507 0.015842 0.00737847 0.0236545 0.0386285 0.0967882 0.116319 0.663628 
0.0143229 0.00434028 0.00217014 0.00434028 0.0249566 0.0690104 0.174262 0.0772569 0.62934 
0.0106383 0.00217108 0.00434216 0.00303951 0.0204082 0.173252 0.103561 0.032132 0.650456 
0.22526 0.0125868 0.00911458 0.00434028 0.0143229 0.0507812 0.0976562 0.0668403 0.519097 
0.28559 0.0358073 0.103733 0.0180122 0.00303819 0.0117188 0.0329861 0.0355903 0.473524 
0.173611 0.047309 0.15191 0.0648872 0.00173611 0.0177951 0.0234375 0.0210503 0.498264 
0.0317391 0.0313043 0.187826 0.0752174 0.00217391 0.00695652 0.0269565 0.0147826 0.623043 
0.00868056 0.0177951 0.132378 0.148003 0.0112847 0.00520833 0.0212674 0.016059 0.639323 
0.00607639 0.00889757 0.0872396 0.19987 0.0125868 0.0112847 0.0195312 0.00520833 0.649306 
0.00477431 0.0093316 0.0412326 0.240234 0.0225694 0.00824653 0.0260417 0.00520833 0.642361 
0.00347373 0.00108554 0.0104212 0.197134 0.0994355 0.00955276 0.0316978 0.0110725 0.636127 
0.220339 0.0304216 0.0447631 0.0721425 0.103868 0.0334637 0.0265102 0.0282486 0.440243 
0.358014 0.011324 0.0409408 0.0152439 0.0182927 0.033101 0.0452962 0.0409408 0.436847 
0.383413 0.0243161 0.0243161 0.0434216 0.0208424 0.0134607 0.00868433 0.0130265 0.468519 
0.225043 0.0820312 0.0403646 0.0251736 0.0414497 0.000434028 0.000868056 0.00260417 0.582031 
0.015625 0.00434028 0.00173611 0.00217014 0.0078125 0.193142 0.0490451 0.0112847 0.714844 
0.00564481 0.000434216 0.000434216 0.000434216 0.00390795 0.117673 0.138949 0.0134607 0.719062 
0.0126142 0.00173989 0.00217486 0.00391475 0.108743 0.061331 0.0556764 0.0139191 0.739887 
0.0264757 0.0147569 0.0677083 0.0950521 0.0121528 0.0130208 0.000868056 0.00434028 0.765625 
0.0364742 0.0286583 0.108988 0.0460269 0.0208424 0.00217108 0.00130265 0.00434216 0.751194 
0.0442708 0.14388 0.0842014 0.0303819 0.00173611 0 0.000868056 0.00368924 0.690972 
0.175781 0.143229 0.030816 0.000434028 0 0 0.000868056 0.00173611 0.647135 
