0.0104167 0.00217014 0.00260417 0.00217014 0.00520833 0.00217014 0.00217014 0.00217014 0.97092 
0.0421007 0.00737847 0.00694444 0.0078125 0.0290799 0.00607639 0.00868056 0.00390625 0.888021 
0.0577257 0.00564236 0.0078125 0.00607639 0.0512153 0.00824653 0.00824653 0.00520833 0.849826 
0.0555797 0.00694746 0.00434216 0.00651324 0.0442901 0.00521059 0.00868433 0.00738168 0.861051 
0.0686062 0.00347373 0.00738168 0.0108554 0.0364742 0.00303951 0.0026053 0.00911854 0.858446 
0.0484082 0.0174444 0.0141736 0.173572 0.109682 0.0174444 0.0143916 0.0222416 0.582643 
0.0100262 0.00479512 0.00959024 0.0316042 0.514385 0.0126417 0.0196164 0.0468614 0.35048 
0.0151976 0.00217108 0.00303951 0.0134607 0.520625 0.00998697 0.0191055 0.0403821 0.376031 
0.0256522 0.0186957 0.00804348 0.0263043 0.498043 0.0123913 0.00826087 0.00130435 0.401304 
0.0388792 0.00217202 0.00260643 0.0112945 0.49305 0.018245 0.00543006 0.00434405 0.423979 
0.0217202 0.00173762 0.00217202 0.0091225 0.613814 0.0191138 0.00434405 0.0169418 0.311034 
0.0347977 0.00565463 0.00173989 0.0121792 0.560679 0.0130492 0.00130492 0.00652458 0.364071 
0.043535 0.00957771 0.00544188 0.0121898 0.577057 0.00609491 0.0017414 0 0.344362 
0.0556038 0.00825369 0.00347524 0.0173762 0.571242 0.00304083 0 0.00347524 0.337533 
0.0543951 0.00913838 0.00543951 0.0295909 0.54765 0.00761532 0.00391645 0.00239339 0.339861 
0.0456919 0.00739774 0.00326371 0.0195822 0.578982 0.0139252 0.0117493 0.0139252 0.305483 
0.0513937 0.011324 0.00457317 0.024608 0.557274 0.0167683 0.00958188 0.00783972 0.316638 
0.0282609 0.0413043 0.00391304 0.0169565 0.576087 0.0113043 0.00869565 0.00826087 0.305217 
0.0501526 0.0235499 0.00457915 0.0165722 0.58635 0.0104666 0.00392499 0.00523332 0.299171 
0.0677448 0.00524476 0.00393357 0.0179196 0.612762 0.0118007 0.00262238 0.00699301 0.270979 
0.0375218 0.0030541 0.0013089 0.0161431 0.582461 0.0117801 0.0034904 0.0383944 0.305846 
0.0519878 0.00698995 0.00524246 0.0187855 0.596767 0.0231542 0.017038 0.0244648 0.25557 
0.0266376 0.0327511 0.00545852 0.0270742 0.55917 0.021179 0.0122271 0.0137555 0.301747 
0.025798 0.0249235 0.0102755 0.0323568 0.580892 0.0166157 0.0100568 0.0157411 0.283341 
0.0256633 0.0030448 0.00282732 0.0123967 0.588299 0.0271857 0.015659 0.0143541 0.31057 
0.024369 0.00478677 0.00348129 0.0126197 0.585727 0.0250218 0.0226284 0.0258921 0.295474 
0.0427015 0.0100218 0.0043573 0.0185185 0.565359 0.0270153 0.0189542 0.0172113 0.295861 
0.17195 0.030178 0.0147634 0.0112896 0.0529744 0.0373426 0.0273556 0.156969 0.497178 
0.473079 0.0273556 0.00390795 0.0054277 0.0686062 0.0679548 0.0132436 0.0186713 0.321754 
0.50217 0.0234375 0.00542535 0.0136719 0.0970052 0.0449219 0.0078125 0.0134549 0.292101 
0.512174 0.0208696 0.00695652 0.0226087 0.083913 0.043913 0.0117391 0.0152174 0.282609 
0.533275 0.0150065 0.00695955 0.0393649 0.0643758 0.0376251 0.0134841 0.0184863 0.271422 
0.551784 0.0126197 0.00609225 0.0211053 0.0761532 0.0206701 0.01349 0.0239339 0.274151 
0.554248 0.0126362 0.00392157 0.00893246 0.0448802 0.0703704 0.0291939 0.0479303 0.227887 
0.529783 0.00652174 0.00304348 0.0073913 0.0269565 0.0865217 0.0397826 0.0421739 0.257826 
0.529772 0.0354641 0.0161997 0.0310858 0.0549475 0.0341506 0.022986 0.0521016 0.223292 
0.527778 0.0442708 0.0390625 0.0282118 0.0195312 0.0325521 0.0078125 0.0234375 0.277344 
0.555797 0.0319149 0.0151976 0.0208424 0.0277898 0.0386452 0.00868433 0.0310465 0.270083 
0.503483 0.0121898 0.00544188 0.00326513 0.0407053 0.0376578 0.0215498 0.0944711 0.281236 
0.481972 0.0178106 0.00651607 0.00651607 0.0312771 0.0369244 0.017159 0.0886186 0.313206 
0.444783 0.0108696 0.00608696 0.0121739 0.0413043 0.0369565 0.0186957 0.0930435 0.336087 
0.465187 0.010879 0.00522193 0.0187119 0.0587467 0.0230635 0.0174064 0.102698 0.298085 
0.500436 0.0108885 0.00479094 0.0100174 0.0531359 0.027439 0.0148084 0.120645 0.25784 
0.528129 0.0122111 0.0135194 0.0100305 0.0518971 0.0161361 0.0331444 0.0815526 0.25338 
0.532349 0.0184542 0.00434216 0.00890143 0.0390795 0.0191055 0.0134607 0.054277 0.31003 
0.488932 0.0273438 0.0134549 0.00998264 0.0533854 0.0295139 0.0110677 0.0685764 0.297743 
0.367941 0.0180278 0.0260643 0.0225891 0.0577758 0.0308427 0.0291051 0.179626 0.268028 
0.100694 0.0394965 0.0134549 0.00651042 0.0655382 0.0338542 0.0364583 0.0950521 0.608941 
0.0540365 0.0594618 0.0481771 0.015625 0.0499132 0.030599 0.0583767 0.0861545 0.597656 
0.0290799 0.0329861 0.0512153 0.0282118 0.0651042 0.0967882 0.0490451 0.0412326 0.606337 
0.0727944 0.00912647 0.0128205 0.0182529 0.443503 0.0460669 0.0258583 0.0508475 0.32073 
0.0771404 0.0225989 0.0180356 0.0262929 0.357888 0.0302043 0.0245545 0.0547588 0.388527 
0.0719565 0.0169565 0.0117391 0.01 0.191304 0.023913 0.0176087 0.0543478 0.602174 
0.0335951 0.0143979 0.00894415 0.0139616 0.54123 0.0586824 0.0253054 0.0150524 0.288831 
0.120214 0.101069 0.0881567 0.103517 0.134907 0.0937222 0.0992876 0.0966162 0.162511 
0.0903352 0.0274271 0.0317806 0.016108 0.0152373 0.018067 0.069003 0.341968 0.390074 
0.0709312 0.0565709 0.0413403 0.0165361 0.0156658 0.016101 0.0435161 0.329852 0.409487 
0.0650655 0.0799127 0.0172489 0.0113537 0.0176856 0.0165939 0.039738 0.328821 0.423581 
0.0795802 0.0623087 0.0349803 0.0301705 0.0389156 0.031045 0.0625273 0.165938 0.494534 
0.0555556 0.031033 0.0355903 0.0264757 0.0342882 0.0225694 0.0607639 0.0852865 0.648438 
0.0747479 0.0622534 0.0287155 0.020605 0.0267427 0.0289347 0.0819816 0.244191 0.431828 
0.052056 0.0656168 0.0218723 0.0179353 0.0244969 0.0277778 0.274278 0.0903325 0.425634 
0.0647545 0.0375924 0.039548 0.0208605 0.0149935 0.027814 0.0958279 0.0662755 0.632334 
0.0582103 0.0291051 0.0169418 0.00651607 0.0102085 0.0156386 0.201347 0.0699392 0.592094 
0.0393136 0.0327976 0.0260643 0.0147698 0.0262815 0.0330148 0.122937 0.0371416 0.66768 
0.0130776 0.010898 0.0128596 0.0119878 0.070401 0.0664778 0.378814 0.0222319 0.413252 
0.0174749 0.024028 0.0124509 0.00917431 0.0393185 0.141983 0.343163 0.0249017 0.387505 
0.0358873 0.0292823 0.0391898 0.0226772 0.0308234 0.152796 0.233598 0.0453545 0.410392 
0.0269682 0.0254458 0.0258808 0.0167464 0.0306655 0.0830796 0.196172 0.0382775 0.556764 
0.0109457 0.00875657 0.00744308 0.00262697 0.0161997 0.10289 0.469352 0.0192644 0.362522 
0.00874891 0.00174978 0.00262467 0.0048119 0.0124672 0.149606 0.460849 0.0109361 0.348206 
0.0121633 0.00651607 0.0121633 0.0125977 0.0327976 0.145308 0.251738 0.0241095 0.502606 
0.00521059 0.000868432 0.00303951 0.00130265 0.0264872 0.164134 0.361268 0.0334347 0.404255 
0.0238715 0.00173611 0.00477431 0.00846354 0.0347222 0.0913628 0.184028 0.0429688 0.608073 
0.0145399 0.000434028 0.000868056 0.00499132 0.0837674 0.143446 0.212891 0.132378 0.406684 
0.100043 0.0138889 0.0104167 0.00585938 0.0855035 0.0611979 0.139974 0.121311 0.461806 
0.116753 0.0887587 0.0581597 0.0377604 0.0967882 0.0694444 0.0763889 0.0601128 0.395833 
0.105469 0.102648 0.0529514 0.0920139 0.114149 0.0716146 0.0282118 0.0379774 0.394965 
0.124783 0.0494792 0.0295139 0.0486111 0.0833333 0.135417 0.0514323 0.0707465 0.406684 
0.0838037 0.0360399 0.0182371 0.032132 0.0924881 0.175423 0.0512375 0.0599218 0.450716 
0.0796787 0.0234477 0.0238819 0.0848893 0.279635 0.112679 0.00716457 0.0112896 0.377334 
0.0269214 0.0976987 0.0412505 0.0790274 0.310465 0.0191055 0.00390795 0.00477638 0.416848 
0.0100174 0.0178571 0.0433362 0.113458 0.400479 0.0550958 0.0204704 0.0021777 0.337108 
0.00739452 0.0169639 0.0256633 0.168334 0.433884 0.0187038 0.0263158 0.00869943 0.294041 
0.00434028 0.0164931 0.0247396 0.0605469 0.489149 0.0101997 0.00651042 0.00737847 0.380642 
0.0520833 0.0347222 0.00846354 0.0195312 0.3852 0.0338542 0.00607639 0.015625 0.444444 
0.162831 0.0104212 0.00673035 0.0236648 0.107903 0.0271385 0.00651324 0.0217108 0.633087 
0.222319 0.0369084 0.022145 0.00846722 0.0364742 0.0709944 0.0477638 0.139818 0.415111 
0.278913 0.0823913 0.00913044 0.00695652 0.0686956 0.00652174 0.00369565 0.0102174 0.533478 
0.113982 0.0490664 0.0175858 0.00477638 0.159792 0.0846722 0.00564481 0.016066 0.548415 
0.0895815 0.0902354 0.0346556 0.0174368 0.0799913 0.0174368 0.00850044 0.0174368 0.644725 
0.21382 0.0382442 0.00738809 0.0356367 0.00651891 0.00434594 0.0121686 0.0995219 0.582355 
0.182768 0.0200174 0.00609225 0.00696258 0.0171889 0.0287206 0.0667972 0.144473 0.52698 
0.167318 0.0143229 0.00217014 0.00108507 0.03125 0.0375434 0.0514323 0.138455 0.556424 
0.110243 0.0108507 0.00303819 0.00108507 0.0332031 0.104384 0.0766059 0.10026 0.56033 
0.0745004 0.0208514 0.00738488 0.0110773 0.224153 0.110773 0.0341008 0.0623371 0.454822 
0.077908 0.0134549 0.00564236 0.00477431 0.347222 0.0638021 0.0444878 0.0334201 0.409288 
0.0164931 0.00868056 0.00911458 0.0208333 0.271918 0.101345 0.0562066 0.0245226 0.490885 
0.0217014 0.0403646 0.0690104 0.030816 0.128906 0.0303819 0.0386285 0.0264757 0.613715 
0.104601 0.0525174 0.0260417 0.0104167 0.0581597 0.0164931 0.0078125 0.0190972 0.704861 
0.170652 0.0243478 0.0143478 0.0186957 0.0643478 0.0143478 0.0132609 0.0373913 0.642609 
0.169852 0.0821025 0.032146 0.0234579 0.0725456 0.013901 0.0112945 0.00955691 0.585143 
0.116102 0.0581597 0.0403646 0.0173611 0.0633681 0.00303819 0.0145399 0.0321181 0.654948 
0.158637 0.0538194 0.0358073 0.0188802 0.0796441 0.0138889 0.0167101 0.0366753 0.585938 
0.169705 0.0381944 0.0386285 0.0130208 0.0724826 0.0351562 0.0177951 0.0208333 0.594184 
0.141059 0.0401476 0.0078125 0.0164931 0.0967882 0.0206163 0.0273438 0.0963542 0.553385 
0.0629887 0.0093397 0.00521286 0.0108601 0.0964379 0.0282363 0.0377932 0.0779757 0.671156 
0.134247 0.00739774 0.0104439 0.0250218 0.0979112 0.0354656 0.031114 0.0426458 0.615753 
0.0777247 0.0273556 0.0286583 0.0408163 0.107686 0.0173687 0.016066 0.0425532 0.641772 
0.0356057 0.0154147 0.0280069 0.0436387 0.113113 0.0156318 0.0729483 0.0377768 0.637864 
0.016066 0.00607903 0.0156318 0.0243161 0.133304 0.0890143 0.0811984 0.0451585 0.589231 
0.0112847 0.00694444 0.015625 0.0253906 0.151042 0.1352 0.0512153 0.0394965 0.563802 
0.0139434 0.00588235 0.011329 0.0124183 0.153377 0.146841 0.0522876 0.0278867 0.576035 
0.133172 0.0910487 0.0713032 0.0699868 0.0897323 0.0715226 0.0699868 0.0864414 0.316806 
0.130756 0.0484361 0.0247611 0.0132493 0.0199826 0.0121633 0.016073 0.0377932 0.696785 
0.170139 0.0164931 0.0104167 0.00694444 0.0217014 0.00911458 0.0295139 0.0334201 0.702257 
0.135534 0.0112945 0.0091225 0.00434405 0.0230235 0.00347524 0.0238923 0.0560382 0.733275 
0.160807 0.0182292 0.0093316 0.0130208 0.0549045 0.0121528 0.0136719 0.0394965 0.678385 
0.126412 0.018245 0.00760209 0.00781929 0.269548 0.0165074 0.0221546 0.0208514 0.51086 
0.0552174 0.0243478 0.0121739 0.0163043 0.353478 0.0119565 0.0156522 0.0226087 0.488261 
0.04963 0.026121 0.0269917 0.0472355 0.356552 0.0193731 0.0222029 0.0148019 0.437092 
0.0156794 0.0108885 0.0230836 0.0422474 0.404617 0.027439 0.0108885 0.00566202 0.459495 
0.0122271 0.00917031 0.0189956 0.0373362 0.444323 0.029476 0.00873362 0.00611354 0.433624 
0.0174368 0.0117698 0.0104621 0.0152572 0.482127 0.0252833 0.0065388 0.00697472 0.42415 
0.016066 0.0119409 0.0119409 0.0327833 0.424446 0.0518888 0.00955276 0.00629614 0.435085 
0.014112 0.00825011 0.00976987 0.048198 0.438124 0.0269214 0.00911854 0.00434216 0.441164 
0.0212858 0.00347524 0.00608167 0.020417 0.47828 0.0104257 0.00434405 0.00781929 0.447871 
0.015191 0.00217014 0.00477431 0.0203993 0.481337 0.0193142 0.00998264 0.00542535 0.441406 
0.0117188 0.00130208 0.00260417 0.0208333 0.456163 0.0334201 0.00694444 0.00520833 0.461806 
0.0108507 0.00130208 0.00238715 0.0301649 0.388672 0.0288628 0.0134549 0.0117188 0.512587 
0.0473707 0.029987 0.0286832 0.153846 0.0656236 0.011734 0.00651891 0.0108648 0.645372 
0.102525 0.0267741 0.0241619 0.128646 0.0352634 0.0017414 0.00565956 0.0148019 0.660427 
0.272786 0.0193142 0.0130208 0.0212674 0.155599 0.0245226 0.016059 0.0238715 0.453559 
0.183123 0.0134841 0.00739452 0.0123967 0.190518 0.0276207 0.016094 0.0126142 0.536755 
0.0173687 0.00130265 0.00521059 0.0121581 0.237082 0.0316978 0.0178029 0.00738168 0.669996 
0.0256188 0.00521059 0.00694746 0.0399479 0.267911 0.0178029 0.00564481 0.00781589 0.6231 
0.0238819 0.00607903 0.0138949 0.0178029 0.31003 0.0204082 0.00781589 0.00651324 0.593574 
0.0672743 0.00954861 0.0125868 0.0121528 0.321181 0.0177951 0.00737847 0.0078125 0.544271 
0.184896 0.0164931 0.0121528 0.0442708 0.282986 0.0121528 0.00477431 0.00651042 0.435764 
0.188368 0.016059 0.0210503 0.0321181 0.2602 0.0104167 0.00303819 0.00868056 0.460069 
0.222102 0.0130265 0.00564481 0.00738168 0.245766 0.0369084 0.0119409 0.0104212 0.446809 
0.262701 0.0104212 0.0132436 0.00716457 0.113982 0.0262701 0.0269214 0.00998697 0.52931 
0.259887 0.0108648 0.00391134 0.00478053 0.0517166 0.0686658 0.095176 0.0126032 0.492395 
0.259549 0.0078125 0.0108507 0.00542535 0.015191 0.192057 0.0381944 0.0121528 0.458767 
0.204299 0.00998697 0.00738168 0.00781589 0.026053 0.221233 0.0245332 0.0201911 0.478506 
0.0377604 0.00737847 0.00824653 0.0119358 0.233941 0.0718316 0.0182292 0.0134549 0.597222 
0.0434972 0.00826446 0.0128317 0.00674206 0.223793 0.053719 0.0100043 0.0113093 0.629839 
0.0657952 0.0267974 0.0126362 0.0139434 0.24902 0.0257081 0.012854 0.0132898 0.579956 
0.0616021 0.0121898 0.0113191 0.0126252 0.229865 0.0383108 0.0115368 0.0113191 0.611232 
0.238696 0.0221739 0.0156522 0.0108696 0.224348 0.0452174 0.0121739 0.0178261 0.413043 
0.0906509 0.0782001 0.0825688 0.0854085 0.0996068 0.0902141 0.0902141 0.0843163 0.29882 
0.43316 0.0368924 0.0217014 0.0243056 0.00846354 0.0108507 0.0115017 0.0164931 0.436632 
0.4375 0.0199653 0.0117188 0.0143229 0.0238715 0.0128038 0.0125868 0.0262587 0.440972 
0.344798 0.00914236 0.00740096 0.0104484 0.067044 0.016108 0.0182847 0.0182847 0.508489 
0.173989 0.0173989 0.0167464 0.0428447 0.0650283 0.0173989 0.0173989 0.0197912 0.629404 
0.0352021 0.00999565 0.0243372 0.0291178 0.0764885 0.0212951 0.0204259 0.0143416 0.768796 
0.0102085 0.00390964 0.00803649 0.0236751 0.149652 0.0223719 0.0128149 0.0086881 0.760643 
0.00694444 0.00260417 0.00651042 0.0277778 0.154514 0.0221354 0.0143229 0.00477431 0.760417 
0.0288628 0.0125868 0.00542535 0.0117188 0.161024 0.0217014 0.00737847 0.00347222 0.74783 
0.0416667 0.0112847 0.0062934 0.0177951 0.136502 0.0303819 0.016059 0.0130208 0.726997 
0.0546875 0.00651042 0.0078125 0.0141059 0.129774 0.0197483 0.0182292 0.015625 0.733507 
0.0416848 0.00998697 0.00738168 0.00586192 0.130482 0.0484151 0.0488493 0.0290925 0.678246 
0.232205 0.0141059 0.0110677 0.015408 0.0700955 0.0364583 0.0190972 0.0503472 0.551215 
0.282552 0.00998264 0.00173611 0.00455729 0.0668403 0.0592448 0.03125 0.0659722 0.477865 
0.216739 0.00826087 0.00782609 0.000434783 0.000434783 0.00217391 0.0484783 0.0478261 0.667826 
0.211555 0.0351868 0.00304083 0 0.000434405 0.00086881 0.00304083 0.0217202 0.724153 
0.196181 0.015191 0.00303819 0.000434028 0.00477431 0 0.000868056 0.0516493 0.727865 
0.195832 0.0492835 0.00738168 0.000434216 0.000868432 0.000434216 0.00217108 0.0362571 0.707338 
0.199651 0.0350915 0.016129 0.00043592 0 0 0.00697472 0.032476 0.709242 
0.14183 0.0326797 0.0130719 0.00610022 0.00566449 0.00566449 0.0150327 0.0505447 0.729412 
0.17413 0.0147826 0.00565217 0.00521739 0.00434783 0.00391304 0.00326087 0.0165217 0.772174 
0.166304 0.0308696 0.0121739 0.00956522 0.00173913 0.000869565 0.00282609 0.023913 0.751739 
0.143229 0.0264757 0.00694444 0.00390625 0.00217014 0.00238715 0.0078125 0.0557726 0.751302 
0.105183 0.0126307 0.00370209 0 0 0.00130662 0.0283101 0.0178571 0.83101 
0.0735422 0.00718016 0.0165361 0.0165361 0.0308964 0.0326371 0.0248042 0.022846 0.775022 
0.0636127 0.00390795 0.0117238 0.00955276 0.0356057 0.0277898 0.0479809 0.0490664 0.75076 
0.0167101 0.00173611 0.00651042 0.00737847 0.0329861 0.0638021 0.0509983 0.0407986 0.77908 
0.0104439 0.000870322 0.00435161 0.0117493 0.0428634 0.0678851 0.0633159 0.0221932 0.776327 
0.0108554 0.0026053 0.0026053 0.00217108 0.0358228 0.0825011 0.0549284 0.0217108 0.7868 
0.0273556 0.00347373 0.00564481 0.00868433 0.0330004 0.0620929 0.0807642 0.038211 0.740773 
0.0442708 0.00651042 0.0062934 0.0117188 0.0349392 0.0364583 0.0768229 0.0481771 0.734809 
0.0399652 0.00825369 0.00347524 0.00390964 0.0369244 0.0312771 0.0816681 0.0434405 0.751086 
0.0896432 0.0191471 0.0104439 0.0152306 0.0469974 0.01349 0.0709312 0.0274151 0.706701 
0.105011 0.0196078 0.155556 0.0466231 0.022658 0.00697168 0.0505447 0.053159 0.539869 
0.0696561 0.0539835 0.201132 0.0330866 0.00653026 0.00696561 0.0383108 0.0609491 0.529386 
0.0623365 0.0730166 0.272886 0.0285527 0.0021796 0.0100262 0.0209241 0.0348736 0.495205 
0.0866347 0.0365694 0.275577 0.0243796 0.0117545 0.0143666 0.0121898 0.0213322 0.517196 
0.0289634 0.0324477 0.27243 0.0182927 0.00914634 0.00522648 0.011324 0.084277 0.537892 
0.0287582 0.0350763 0.259695 0.0477124 0.00958606 0.00740741 0.0244009 0.0374728 0.549891 
0.113257 0.0746269 0.0798946 0.0761633 0.0884548 0.0794557 0.082748 0.100746 0.304653 
0.00914236 0.0505007 0.489116 0.026121 0.00848933 0.0343927 0.0126252 0.00130605 0.368306 
0.017159 0.0634231 0.464162 0.0278019 0.00564726 0.0199826 0.0104257 0.00564726 0.385752 
0.0333043 0.111232 0.419025 0.0441881 0.00783631 0.0208968 0.00217675 0 0.361341 
0.0241095 0.102954 0.453301 0.0562554 0.0156386 0.0178106 0.00130321 0.00325804 0.325369 
0.0193478 0.0426087 0.538913 0.0454348 0.0191304 0.00521739 0 0.005 0.324348 
0.026178 0.0473386 0.484293 0.0992583 0.0200698 0.0017452 0.0047993 0.004363 0.311955 
0.030883 0.0595911 0.408438 0.156155 0.0230535 0.00478469 0.0030448 0.0060896 0.30796 
0.0304745 0.0163256 0.426643 0.158685 0.026121 0.0104484 0.0043535 0.00478886 0.322159 
0.019843 0.0270388 0.359791 0.203663 0.0442652 0.0196249 0.00784998 0.0104666 0.307457 
0.0126252 0.0330866 0.356334 0.188942 0.0524597 0.0274271 0.00565956 0.016108 0.307357 
0.0102174 0.0556522 0.346739 0.152609 0.0665217 0.0147826 0.0113043 0.0104348 0.331739 
0.0104302 0.0204259 0.455671 0.152542 0.0388961 0.00869187 0.0069535 0.00391134 0.302477 
0.011087 0.0306522 0.503913 0.0897826 0.0373913 0.00608696 0.0106522 0.00608696 0.304348 
0.0117289 0.0447437 0.508036 0.0738488 0.0186794 0.00434405 0.00499566 0.00130321 0.33232 
0.0089053 0.056907 0.482841 0.0803649 0.0147698 0.00304083 0.00086881 0.00086881 0.351434 
0.0447243 0.0191055 0.0230135 0.0416848 0.0994355 0.0518888 0.0395137 0.0327833 0.647851 
0.029987 0.0356367 0.0208605 0.0217297 0.123859 0.0412864 0.0447631 0.029987 0.65189 
0.00914236 0.0152373 0.0121898 0.0287331 0.527209 0.0824989 0.0278624 0.00631258 0.290814 
0.0526545 0.0330722 0.04047 0.18886 0.102698 0.0343777 0.024369 0.0248042 0.498695 
0.131755 0.104064 0.092452 0.0902188 0.115677 0.0770433 0.0830728 0.0904422 0.215275 
0.046087 0.0165217 0.013913 0.0645652 0.0841304 0.0628261 0.0302174 0.083913 0.597826 
0.0130265 0.00759878 0.0191055 0.0508033 0.13287 0.118975 0.0186713 0.0275727 0.611376 
0.00130378 0.00130378 0.010213 0.0310734 0.177749 0.229248 0.0762712 0.000869187 0.471969 
0.00130378 0.00173837 0.00782269 0.0123859 0.10452 0.285311 0.107562 0.00564972 0.473707 
0.01608 0.0317253 0.0273794 0.021947 0.124294 0.0504129 0.00999565 0.00412864 0.714037 
0.0638298 0.0258359 0.0195397 0.0273556 0.0781589 0.0696917 0.048198 0.0816327 0.585758 
0.0629614 0.0173687 0.0351715 0.0316978 0.135258 0.0303951 0.0110725 0.0165002 0.659574 
0.0545178 0.018245 0.0371416 0.0634231 0.144005 0.0251955 0.014987 0.0238923 0.618593 
0.0607903 0.022145 0.0232306 0.0716457 0.122666 0.0147634 0.0121581 0.0425532 0.630048 
0.0657838 0.0369084 0.0243161 0.054277 0.0825011 0.0369084 0.034086 0.0373426 0.627877 
0.182075 0.0334201 0.0240885 0.0381944 0.046224 0.015625 0.014974 0.0976562 0.547743 
0.165507 0.0280557 0.0391475 0.0928665 0.077425 0.00956938 0.00804698 0.0334928 0.545889 
0.170074 0.0143541 0.0208786 0.0395824 0.0856894 0.0195737 0.0213136 0.0387125 0.589822 
0.0993421 0.0127193 0.0239035 0.0144737 0.0548246 0.0337719 0.0605263 0.0723684 0.62807 
0.0911881 0.0699255 0.0694871 0.0762823 0.116616 0.0907497 0.0826392 0.10982 0.293292 
0.0164931 0.0125868 0.0125868 0.0549045 0.165365 0.0401476 0.0434028 0.015625 0.638889 
0.00434972 0.00565463 0.000869943 0.00347977 0.0180513 0.0143541 0.0219661 0.00913441 0.92214 
0.166594 0.0178571 0.00740418 0.0141551 0.0797038 0.0664199 0.0141551 0.0431185 0.590592 
0.155382 0.0295139 0.0221354 0.0130208 0.0325521 0.0234375 0.00477431 0.0177951 0.701389 
0.143726 0.016066 0.00781589 0.00607903 0.0351715 0.0104212 0.00955276 0.0790274 0.692141 
0.197917 0.0303819 0.00998264 0.00520833 0.00217014 0.00303819 0.00651042 0.0407986 0.703993 
0.100831 0.0603675 0.0577428 0.0531496 0.0433071 0.033902 0.0247157 0.0231846 0.6028 
0.0943068 0.0499783 0.0977836 0.067362 0.0725771 0.0282486 0.0239027 0.0247718 0.541069 
0.123172 0.0817457 0.0722198 0.076872 0.110323 0.0826318 0.100133 0.101241 0.251662 
0.0447631 0.0853977 0.0156454 0.0249891 0.093003 0.00391134 0.0173837 0.00999565 0.704911 
0.0635059 0.0556764 0.0243584 0.0334928 0.0983036 0.0143541 0.0208786 0.0213136 0.668117 
0.115753 0.0498259 0.031114 0.0306789 0.0828982 0.0115318 0.0117493 0.033725 0.632724 
0.110892 0.100831 0.0374016 0.0317148 0.0752406 0.00437445 0.011811 0.023622 0.604112 
0.174956 0.098822 0.0198517 0.0187609 0.0728621 0.0091623 0.0154887 0.0394852 0.550611 
0.12201 0.0391475 0.0128317 0.0535015 0.0297956 0.00347977 0.00630709 0.0743802 0.658547 
0.0838074 0.0258206 0.0304158 0.0332604 0.110066 0.0131291 0.0601751 0.0700219 0.573304 
0.0932609 0.0454348 0.0191304 0.0165217 0.0273913 0.0113043 0.0323913 0.0567391 0.697826 
0.0525402 0.103778 0.0264872 0.016066 0.0295267 0.00825011 0.00998697 0.0130265 0.740339 
0.00998264 0.0494792 0.0585938 0.0334201 0.0264757 0.00173611 0.00130208 0.000868056 0.818142 
0.00520833 0.00868056 0.0390625 0.25 0.186632 0.0186632 0.00303819 0.000434028 0.488281 
0.0182292 0.0147569 0.0195312 0.140842 0.0724826 0.030599 0.0138889 0.0108507 0.678819 
0.0247396 0.0290799 0.016059 0.0286458 0.158854 0.0130208 0.0138889 0.00651042 0.709201 
0.0121528 0.031684 0.0186632 0.0651042 0.246528 0.0110677 0.00434028 0.00238715 0.608073 
0.108941 0.03125 0.0275608 0.0607639 0.0579427 0.0108507 0.00954861 0.00737847 0.685764 
0.0256076 0.0833333 0.0549045 0.0384115 0.10178 0.0210503 0.0112847 0.0147569 0.648872 
0.00998264 0.00390625 0.0104167 0.222005 0.134549 0.0366753 0.0130208 0.00824653 0.561198 
0.00694746 0.0230135 0.0295267 0.0976987 0.0920538 0.0112896 0.0117238 0.00217108 0.725575 
0.0156454 0.0445458 0.0599739 0.144502 0.183833 0.01608 0.0104302 0.00869187 0.516297 
0.00629614 0.0108554 0.0264872 0.147634 0.146331 0.0178029 0.014112 0.00303951 0.627442 
0.0169271 0.015625 0.0234375 0.0190972 0.0394965 0.0164931 0.00737847 0.0134549 0.84809 
0.0338542 0.0416667 0.0125868 0.0121528 0.0481771 0.0807292 0.0117188 0.00564236 0.753472 
0.0564481 0.032132 0.00868433 0.0178029 0.0334347 0.105949 0.0138949 0.0151976 0.716457 
0.0380104 0.0855778 0.0540834 0.0369244 0.0564726 0.0234579 0.0112945 0.0125977 0.681581 
0.0681719 0.0614416 0.0442901 0.0777247 0.0555797 0.0112896 0.00911854 0.0171515 0.655232 
0.0712115 0.0299609 0.0273556 0.0438558 0.10508 0.0347373 0.00825011 0.0143291 0.665219 
0.00781589 0.0273556 0.0175858 0.0529744 0.221667 0.0208424 0.00521059 0.00521059 0.641337 
0.00477431 0.00846354 0.0796441 0.0661892 0.2398 0.0282118 0.00954861 0.00217014 0.561198 
0.00998697 0.0165002 0.0551455 0.0972644 0.237516 0.0225792 0.00738168 0.00477638 0.548849 
0.0186632 0.0208333 0.0173611 0.0214844 0.183594 0.115234 0.0277778 0.0117188 0.583333 
0.0553626 0.00781589 0.0026053 0.0026053 0.00825011 0.0264872 0.20647 0.0690404 0.621363 
0.0922309 0.0195312 0.00564236 0.00260417 0.0206163 0.0742188 0.0460069 0.128038 0.611111 
0.168407 0.0287206 0.0126197 0.0117493 0.0211053 0.0282855 0.0154482 0.0282855 0.685379 
0.11087 0.0286957 0.00434783 0.00565217 0.00826087 0.013913 0.0130435 0.083913 0.731304 
0.046087 0.0343478 0.00391304 0.00347826 0.016087 0.00913044 0.0178261 0.0186957 0.850435 
0.122983 0.00959442 0.00828609 0.00828609 0.0479721 0.0492804 0.0379416 0.11775 0.597907 
0.0724826 0.00868056 0.00434028 0.00607639 0.030816 0.0455729 0.0217014 0.046441 0.763889 
0.0108507 0.00802951 0.0078125 0.00737847 0.0384115 0.0436198 0.0132378 0.00868056 0.861979 
0.00694444 0.00607639 0.00303819 0.00520833 0.111111 0.0104167 0.00520833 0.00477431 0.847222 
0.0360243 0.00347222 0.00130208 0.00672743 0.0323351 0.161675 0.0171441 0.0104167 0.730903 
0.0837674 0.0138889 0.015625 0.0147569 0.0525174 0.0551215 0.113281 0.125868 0.525174 
0.0460269 0.0230135 0.0104212 0.00955276 0.0729483 0.121146 0.0499349 0.0238819 0.643074 
0.0634507 0.142112 0.0225989 0.0130378 0.0612777 0.00651891 0.00999565 0.0478053 0.633203 
0.121145 0.0878855 0.0792952 0.0830396 0.108811 0.0947137 0.0788546 0.0810573 0.265198 
0.0138949 0.00130265 0.00173686 0.00325662 0.0416848 0.212115 0.0178029 0.00130265 0.706904 
0.0352327 0.00565463 0.00652458 0.0204437 0.1505 0.113963 0.0187038 0.00956938 0.639408 
0.0940357 0.0187201 0.0169787 0.00892468 0.0592077 0.0975185 0.0343927 0.0367871 0.633435 
0.068913 0.0797826 0.00608696 0.00695652 0.0436957 0.0378261 0.0204348 0.0619565 0.674348 
0.162397 0.0286583 0.00217108 0.00390795 0.0169344 0.0612245 0.0204082 0.0169344 0.687364 
0.12087 0.0641304 0.00565217 0.0026087 0.0543478 0.0778261 0.00565217 0.0106522 0.658261 
0.0852865 0.0134549 0.00694444 0.016059 0.106988 0.0208333 0.0177951 0.0360243 0.696615 
0.0395137 0.00651324 0.00564481 0.00477638 0.0918367 0.0705601 0.0254016 0.0362571 0.719496 
0.037892 0.0503049 0.0760017 0.0790505 0.0799216 0.0130662 0.00958188 0.00609756 0.648084 
0.0199913 0.00825728 0.00304216 0.00956106 0.0986528 0.041721 0.0308561 0.079096 0.708822 
0.00827166 0.00304745 0.00783631 0.0134959 0.0287331 0.017414 0.043535 0.0296038 0.848063 
0.0156386 0.0258471 0.0225891 0.0219374 0.0169418 0.0199826 0.0603823 0.0221546 0.794527 
0.0226876 0.0735166 0.0187609 0.008726 0.017452 0.0327225 0.0680628 0.0106894 0.747382 
0.0224597 0.0549498 0.0231138 0.0087222 0.0200611 0.027911 0.0569123 0.0170083 0.768862 
0.0222902 0.0327797 0.020979 0.0131119 0.0461101 0.041958 0.0596591 0.0170455 0.746066 
0.0415391 0.0196764 0.0109314 0.00787057 0.0349803 0.0496283 0.0441627 0.0216441 0.769567 
0.0652458 0.0371901 0.0115268 0.0221836 0.0928665 0.0256633 0.030013 0.0171814 0.69813 
0.0482819 0.0441496 0.0221836 0.0778599 0.0611135 0.0221836 0.0271857 0.0102218 0.68682 
0.0415217 0.0415217 0.056087 0.0473913 0.0713044 0.0317391 0.00543478 0.00717391 0.697826 
0.0227964 0.0755536 0.0319149 0.0379939 0.0829353 0.0188884 0.00738168 0.00694746 0.715588 
0.0243056 0.0876736 0.0282118 0.0425347 0.0711806 0.0338542 0.00651042 0.00434028 0.701389 
0.0412326 0.047092 0.0410156 0.0486111 0.077908 0.0368924 0.015191 0.0115017 0.680556 
0.0560139 0.0442901 0.0147634 0.0345202 0.120712 0.0288754 0.00955276 0.00738168 0.683891 
0.0655667 0.0447243 0.00369084 0.00911854 0.138732 0.026053 0.0104212 0.00955276 0.692141 
0.0455729 0.0538194 0.00607639 0.0143229 0.0963542 0.0112847 0.0104167 0.0407986 0.721354 
0.112511 0.0108601 0.00695048 0.0256299 0.0925282 0.0152042 0.0108601 0.0247611 0.700695 
0.0959618 0.014112 0.00933565 0.0167173 0.0762049 0.0275727 0.0212766 0.0254016 0.713417 
0.115552 0.00999131 0.00304083 0.00673328 0.0973067 0.0262815 0.00955691 0.00825369 0.723284 
0.0721739 0.00956522 0.00543478 0.0156522 0.0771739 0.03 0.00782609 0.0282609 0.753913 
0.0530435 0.02 0.00826087 0.00913044 0.111304 0.0621739 0.0073913 0.0073913 0.721304 
0.107096 0.017414 0.0134959 0.0139312 0.085764 0.0666086 0.0100131 0.0143666 0.67131 
0.106771 0.0195312 0.0104167 0.0130208 0.0494792 0.0481771 0.046875 0.016059 0.68967 
0.0377604 0.015625 0.00954861 0.00911458 0.0868056 0.0256076 0.0177951 0.0377604 0.759983 
0.0584528 0.104737 0.0321599 0.0204259 0.0404172 0.0230335 0.0423729 0.0421556 0.636245 
0.038913 0.0771739 0.015 0.00608696 0.0195652 0.0208696 0.0552174 0.0397826 0.727391 
0.0376368 0.0319475 0.0205689 0.0153173 0.0352298 0.0319475 0.0431072 0.0485777 0.735667 
0.051634 0.0261438 0.0228758 0.0087146 0.0104575 0.0383442 0.0562092 0.0361656 0.749455 
0.0890143 0.0464611 0.0238819 0.00303951 0.00781589 0.0633956 0.0408163 0.022145 0.70343 
0.046087 0.025 0.0165217 0.00326087 0.00869565 0.023913 0.0365217 0.013913 0.826087 
0.0710252 0.0308427 0.0089053 0.013901 0.0143354 0.0456125 0.0295395 0.0143354 0.771503 
0.0966057 0.0467798 0.0156658 0.00522193 0.0426458 0.0465622 0.0226284 0.0237163 0.700174 
0.0819922 0.0713354 0.0130492 0.0104393 0.0448021 0.0274032 0.0193562 0.0195737 0.712049 
0.131155 0.0625272 0.0413943 0.0198257 0.0283224 0.008061 0.0165577 0.0215686 0.670588 
0.18946 0.072953 0.0130662 0.0065331 0.0204704 0.00914634 0.0126307 0.0202526 0.655488 
0.0584757 0.0100745 0.0111695 0.0131406 0.0735874 0.0297854 0.0236531 0.0271572 0.752957 
0.0269448 0.0686658 0.0165146 0.0180356 0.115167 0.0171664 0.00912647 0.00478053 0.723598 
0.0486957 0.0386957 0.03 0.0173913 0.124348 0.0282609 0.0395652 0.0147826 0.658261 
0.0646006 0.0807508 0.0351375 0.0253165 0.11065 0.0855522 0.0100393 0.0130947 0.574858 
0.105849 0.0139677 0.013313 0.0279354 0.0689655 0.0541248 0.0532519 0.0288084 0.633784 
0.0761532 0.0652741 0.0143603 0.0117493 0.0230635 0.0121845 0.0139252 0.0182768 0.765013 
0.0934764 0.0556042 0.0534151 0.0113835 0.0100701 0.00437828 0.00678634 0.0411559 0.72373 
0.151899 0.0456133 0.0170231 0.0170231 0.0323003 0.0100393 0.0135312 0.035574 0.676997 
0.1704 0.0406236 0.0311814 0.0215195 0.0114185 0.0105402 0.0215195 0.0322793 0.660518 
0.0864171 0.0317806 0.0391815 0.0285155 0.024815 0.0668263 0.032869 0.0330866 0.656509 
0.0974815 0.0640469 0.0225792 0.0149805 0.0416848 0.0471125 0.0384281 0.0371255 0.636561 
0.111473 0.0221643 0.00869187 0.00977836 0.0269448 0.0451977 0.0267275 0.0310734 0.717949 
0.095 0.0286957 0.00891304 0.00565217 0.0269565 0.0347826 0.0421739 0.0530435 0.704783 
0.0546875 0.0529514 0.00477431 0.00303819 0.00564236 0.0217014 0.0208333 0.00911458 0.827257 
0.0815972 0.0716146 0.0143229 0.031684 0.0590278 0.0251736 0.0173611 0.016059 0.68316 
0.107251 0.0479809 0.0349544 0.0356057 0.0358228 0.00868433 0.00694746 0.0158489 0.706904 
0.103778 0.0592705 0.0334347 0.0438558 0.0816327 0.0395137 0.0182371 0.0379939 0.582284 
0.0477638 0.0423361 0.00390795 0.0104212 0.0816327 0.0434216 0.0204082 0.0323491 0.717759 
0.0203993 0.0195312 0.00651042 0.00694444 0.0954861 0.0460069 0.0195312 0.00434028 0.78125 
0.0464611 0.0169344 0.0117238 0.0136778 0.100738 0.224273 0.0490664 0.0286583 0.508467 
0.0217108 0.0143291 0.0217108 0.0330004 0.171081 0.0633956 0.0247503 0.0269214 0.6231 
0.0325521 0.0186632 0.0321181 0.0442708 0.0299479 0.0108507 0.0121528 0.0234375 0.796007 
0.0195312 0.016059 0.0390625 0.0525174 0.0208333 0.00520833 0.00651042 0.0251736 0.815104 
0.0447049 0.0288628 0.0499132 0.0496962 0.0360243 0.0125868 0.0104167 0.0186632 0.749132 
0.0616319 0.0405816 0.0551215 0.0694444 0.0373264 0.0078125 0.00737847 0.015408 0.705295 
0.0668403 0.0355903 0.0251736 0.110677 0.0230035 0.00390625 0.0078125 0.0186632 0.708333 
0.0221739 0.0256522 0.0315217 0.096087 0.0497826 0.0247826 0.0221739 0.0104348 0.717391 
0.0251845 0.0271385 0.0323491 0.0735997 0.128745 0.0490664 0.0212766 0.00868433 0.633956 
0.0286458 0.031684 0.0323351 0.046875 0.16428 0.0577257 0.0078125 0.00998264 0.62066 
0.0247396 0.015625 0.0230035 0.0564236 0.169271 0.0707465 0.00607639 0.0078125 0.626302 
0.095176 0.0408518 0.0112994 0.0191221 0.119731 0.130813 0.0302043 0.0473707 0.505432 
0.0785931 0.0392966 0.0227964 0.0570994 0.172601 0.0425532 0.0468954 0.0277898 0.512375 
0.0426272 0.0278382 0.0130492 0.0143541 0.0991736 0.0521966 0.0121792 0.0130492 0.725533 
0.0360243 0.0217014 0.015625 0.0264757 0.0342882 0.0269097 0.0260417 0.0147569 0.798177 
0.0766059 0.0572917 0.0279948 0.0240885 0.180556 0.0132378 0.0125868 0.0260417 0.581597 
0.0864466 0.0725456 0.0651607 0.125977 0.0408341 0.0208514 0.0186794 0.0121633 0.557341 
0.103651 0.0352021 0.0195567 0.0121686 0.0312907 0.0199913 0.0419383 0.0547588 0.681443 
0.0325521 0.0238715 0.0260417 0.0117188 0.0173611 0.0108507 0.0112847 0.00607639 0.860243 
0.0486111 0.0258247 0.0134549 0.015191 0.0364583 0.0366753 0.0251736 0.0134549 0.785156 
0.0946181 0.0477431 0.0243056 0.0190972 0.0490451 0.0351562 0.0117188 0.0147569 0.703559 
0.0555556 0.0570747 0.0273438 0.0106337 0.0368924 0.0201823 0.00564236 0.0171441 0.769531 
0.0759549 0.0225694 0.00520833 0.00390625 0.00607639 0.00390625 0.0108507 0.0182292 0.853299 
0.0483941 0.0733507 0.0186632 0.0182292 0.0407986 0.0143229 0.0180122 0.0273438 0.740885 
0.0720486 0.0251736 0.00520833 0.00607639 0.00737847 0.0138889 0.0217014 0.0269097 0.821615 
0.0312771 0.0125977 0.00825369 0.0130321 0.0582103 0.0393136 0.0217202 0.0219374 0.793658 
0.0347222 0.0117188 0.00520833 0.00694444 0.0121528 0.0195312 0.0125868 0.00651042 0.890625 
0.0273438 0.0112847 0.00347222 0.00737847 0.00520833 0.00477431 0.00303819 0.015625 0.921875 
0.0117188 0.00824653 0.00564236 0.015842 0.0737847 0.0245226 0.0078125 0.00824653 0.844184 
0.00998264 0.00651042 0.00737847 0.0132378 0.113281 0.0698785 0.00954861 0.00889757 0.761285 
0.0460269 0.0664351 0.0104212 0.0191055 0.151541 0.0521059 0.00868433 0.00651324 0.639166 
0.0291178 0.0317253 0.0239027 0.0167319 0.0851804 0.0401999 0.0338983 0.00608431 0.733159 
0.116806 0.0937088 0.0875495 0.0800704 0.111527 0.101188 0.0963484 0.0994281 0.213374 
0.00434216 0.00390795 0.0026053 0.0399479 0.290056 0.0555797 0.0104212 0.00217108 0.590968 
0.0130265 0.0026053 0.00390795 0.0911854 0.192358 0.00781589 0.00173686 0.00347373 0.683891 
0.00608167 0.00673328 0.0284535 0.198523 0.104909 0.0156386 0.00130321 0.00543006 0.632928 
0.00520833 0.00368924 0.00998264 0.138238 0.198351 0.0112847 0.00260417 0.00130208 0.62934 
0.0134783 0.0443478 0.013913 0.0284783 0.13913 0.126304 0.0230435 0.0073913 0.603913 
0.149695 0.0409051 0.0274151 0.0182768 0.02698 0.0078329 0.00957354 0.0139252 0.705396 
0.235984 0.0360713 0.00521512 0.00825728 0.025641 0.0069535 0.00912647 0.0465015 0.626249 
0.34504 0.0144864 0.00877963 0.011194 0.0272169 0.01295 0.0127305 0.0403863 0.527217 
0.0498259 0.0178416 0.0478677 0.181027 0.0596171 0.0483029 0.0184943 0.0900783 0.486945 
0.0984547 0.108389 0.0935982 0.0883002 0.116556 0.094702 0.0657837 0.0799117 0.254305 
0.0152108 0.00304216 0.00282486 0.0573664 0.294003 0.013907 0.00260756 0.00478053 0.606258 
0.0421007 0.0375434 0.00217014 0.00737847 0.217882 0.0108507 0.0108507 0.0101997 0.661024 
0.0342882 0.0188802 0.0119358 0.0499132 0.063151 0.0299479 0.00477431 0.0093316 0.777778 
0.0750868 0.0332031 0.0117188 0.0217014 0.112847 0.077691 0.047309 0.0253906 0.595052 
0.0464813 0.0521286 0.0280191 0.0469157 0.140096 0.0586447 0.0438749 0.0086881 0.575152 
0.0230035 0.078776 0.0520833 0.0844184 0.0672743 0.0243056 0.00260417 0.00303819 0.664497 
0.0152042 0.0206342 0.0304083 0.0286707 0.0399652 0.0314944 0.00955691 0.00434405 0.819722 
0.0136778 0.0347373 0.0306122 0.0286583 0.0351715 0.0466782 0.0508033 0.0162831 0.743378 
0.0348432 0.0365854 0.0529181 0.0442073 0.0446429 0.0494338 0.0566202 0.0483449 0.632404 
0.0277778 0.0173611 0.0221354 0.0351562 0.0251736 0.0321181 0.0538194 0.0507812 0.735677 
0.0516942 0.0186794 0.0156386 0.0412685 0.0812337 0.034318 0.054735 0.0608167 0.641616 
0.040305 0.0174292 0.00784314 0.0126362 0.0941176 0.0339869 0.0424837 0.064488 0.68671 
0.0400522 0.0152373 0.00914236 0.00391815 0.0483239 0.016761 0.0282978 0.0219852 0.816282 
0.0529514 0.0190972 0.00347222 0.00607639 0.0742188 0.0292969 0.0377604 0.0505642 0.726562 
0.0373751 0.01608 0.013907 0.00912647 0.0547588 0.0241199 0.0347675 0.0267275 0.783138 
0.0744125 0.0256745 0.01349 0.00957354 0.113142 0.0322019 0.0382942 0.0491732 0.644038 
0.0543242 0.0191221 0.0130378 0.0147762 0.126901 0.0334637 0.0412864 0.0595393 0.637549 
0.0387462 0.00914236 0.0243796 0.0287331 0.127558 0.0235089 0.0448411 0.059643 0.643448 
0.0258921 0.00565709 0.0219756 0.0376414 0.150783 0.082463 0.0315492 0.0195822 0.624456 
0.00565956 0.00696561 0.00653026 0.0293862 0.128428 0.0981715 0.0156726 0.00304745 0.706138 
0.00695955 0.015224 0.0176164 0.0339278 0.147238 0.07699 0.0143541 0.00391475 0.683776 
0.0117391 0.00608696 0.0117391 0.0582609 0.196957 0.0586957 0.0113043 0.00695652 0.638261 
0.01 0.00304348 0.00478261 0.0597826 0.213913 0.0756522 0.0165217 0.00630435 0.61 
0.0439513 0.000435161 0.00261097 0.0258921 0.253916 0.0630983 0.0206701 0.028503 0.560923 
0.039548 0.00478053 0.00173837 0.0189048 0.196871 0.0749674 0.0208605 0.0317253 0.610604 
0.0277051 0.0017452 0.0013089 0.00676265 0.187173 0.0874782 0.0272688 0.052356 0.608202 
0.0126527 0.0021815 0.004363 0.00239965 0.151832 0.091623 0.0314136 0.063918 0.639616 
0.0248042 0.0100087 0.00130548 0.00696258 0.128808 0.0765883 0.0400348 0.0617929 0.649695 
0.030816 0.00260417 0.000868056 0.0286458 0.0655382 0.0664062 0.0759549 0.00651042 0.722656 
0.0482609 0.0073913 0.00304348 0.0443478 0.0582609 0.0915217 0.0208696 0.015 0.711304 
0.111545 0.0143229 0.00737847 0.0271267 0.0928819 0.0514323 0.0321181 0.0386285 0.624566 
0.12766 0.0191055 0.016066 0.016066 0.0890143 0.0425532 0.0290925 0.0360399 0.624403 
0.158913 0.0284783 0.0195652 0.0454348 0.0513043 0.0367391 0.0271739 0.0332609 0.59913 
0.176688 0.0363834 0.062963 0.0152505 0.0331155 0.0217865 0.0291939 0.0455338 0.579085 
0.243998 0.0899171 0.0148407 0.0100393 0.00305543 0.00523789 0.0144042 0.0436491 0.574858 
0.295603 0.0885938 0.00478886 0.00043535 0.0017414 0.0017414 0.00827166 0.0228559 0.575969 
0.237981 0.0644668 0.0144231 0.00743007 0.00218531 0.00262238 0.0150787 0.0408654 0.614948 
0.255551 0.0437527 0.0143666 0.00870701 0.00522421 0.00478886 0.0117545 0.0276448 0.628211 
0.27 0.0380435 0.00782609 0.00434783 0.00521739 0.00173913 0.00826087 0.0154348 0.64913 
0.214348 0.0372874 0.0183166 0.00784998 0.00654165 0.00501526 0.0137375 0.0270388 0.669865 
0.173412 0.0313316 0.0104439 0.00957354 0.00957354 0.00174064 0.0128372 0.0287206 0.722367 
0.15445 0.0148342 0.0047993 0.0026178 0.0157068 0.0056719 0.0061082 0.0161431 0.779668 
0.0957771 0.024815 0.0193731 0.016108 0.0380932 0.0239443 0.0208968 0.0217675 0.739225 
0.0740254 0.0300044 0.0324135 0.0271572 0.0398598 0.0131406 0.0105125 0.0234341 0.749452 
0.10879 0.0300261 0.0274151 0.0139252 0.0221932 0.01349 0.00696258 0.0191471 0.758051 
0.058592 0.0743332 0.0371666 0.0126804 0.0244862 0.0104941 0.0109314 0.0144294 0.756887 
0.0477957 0.0464863 0.0187691 0.0501964 0.0554343 0.0226975 0.0120035 0.0163684 0.730249 
0.0851804 0.0262929 0.0443286 0.0341156 0.0773577 0.00956106 0.00564972 0.0156454 0.701869 
0.0386285 0.0199653 0.00824653 0.015625 0.0664062 0.0199653 0.0364583 0.00347222 0.791233 
0.0264757 0.0108507 0.00260417 0.00998264 0.0520833 0.0208333 0.00694444 0.00520833 0.865017 
0.0356522 0.0130435 0.0115217 0.0117391 0.0763043 0.0273913 0.0108696 0.00434783 0.80913 
0.0442013 0.0161926 0.00962801 0.00743982 0.0822757 0.0161926 0.0188184 0.00875274 0.796499 
0.0231947 0.0118162 0.00787746 0.0245077 0.125602 0.0442013 0.0258206 0.0196937 0.717287 
0.0212951 0.0108648 0.0186875 0.0152108 0.10691 0.0282486 0.00825728 0.011734 0.778792 
0.0162831 0.00868433 0.0151976 0.0173687 0.139383 0.0217108 0.00933565 0.00607903 0.765957 
0.0343478 0.0165217 0.0258696 0.026087 0.121522 0.0343478 0.0269565 0.0234783 0.69087 
0.0269448 0.0178183 0.0199913 0.0221643 0.144285 0.043894 0.0317253 0.0265102 0.666667 
0.0117188 0.0125868 0.0234375 0.0190972 0.176215 0.0572917 0.0247396 0.015191 0.659722 
0.0200087 0.0274032 0.0217486 0.0363201 0.146585 0.0502392 0.0243584 0.0265333 0.646803 
0.00956938 0.0189213 0.0206612 0.0963462 0.181383 0.0361027 0.0167464 0.00521966 0.61505 
0.008033 0.00911854 0.0386452 0.144811 0.13135 0.0219279 0.00738168 0.00130265 0.637429 
0.0319426 0.0193394 0.0228162 0.156236 0.123859 0.0210778 0.0112994 0.00499783 0.608431 
