0.000434028 0.00217014 0.0230035 0.0112847 0.00173611 0.00173611 0.0164931 0.00911458 0.934028 
0.0631832 0.0494097 0.0717097 0.0738959 0.0728028 0.053345 0.0940096 0.0699606 0.451683 
0.108495 0.0851673 0.0746039 0.104533 0.0805458 0.0957306 0.0963908 0.128741 0.225792 
0.108991 0.0942982 0.0760965 0.0991228 0.0995614 0.0942982 0.0732456 0.106579 0.247807 
0.0903084 0.0854626 0.0806167 0.0784141 0.0786344 0.0735683 0.0676211 0.118943 0.326432 
0.0805252 0.0647702 0.0862144 0.0673961 0.0899344 0.0765864 0.0803063 0.097593 0.356674 
0.0782628 0.0568783 0.103395 0.0817901 0.0740741 0.0654762 0.100088 0.0714286 0.368607 
0.0782949 0.0791649 0.103523 0.102871 0.07612 0.0611135 0.107438 0.0835146 0.30796 
0.0718366 0.100395 0.122144 0.108524 0.0823814 0.0830404 0.112917 0.0999561 0.218805 
0.0650624 0.112968 0.122995 0.12344 0.087344 0.0975936 0.125223 0.0942513 0.171123 
0.0740741 0.0888448 0.135582 0.0950176 0.0844356 0.0941358 0.131393 0.0923721 0.204145 
0.0645161 0.0680035 0.119442 0.0802092 0.0684394 0.0743243 0.111595 0.106146 0.307323 
0.059754 0.0696397 0.103251 0.10435 0.0610721 0.0676626 0.0953427 0.0869947 0.351933 
0.0572249 0.0824127 0.0899249 0.0903668 0.0749006 0.068935 0.113345 0.0826337 0.340256 
0.0720582 0.0749229 0.117232 0.0868224 0.0680917 0.0927721 0.105333 0.0747025 0.308065 
0.0637406 0.0666079 0.11094 0.0798412 0.0723423 0.0758712 0.131451 0.082929 0.316277 
0.0608848 0.0665791 0.087604 0.0849759 0.0709593 0.0740254 0.127902 0.0911082 0.335961 
0.0644806 0.0539173 0.0677817 0.084287 0.0836268 0.0787852 0.0961708 0.102993 0.367958 
0.0740498 0.0637833 0.0513325 0.063128 0.0845347 0.0830057 0.0718654 0.093709 0.414592 
0.0679147 0.0687854 0.0481062 0.0565956 0.0761863 0.0890292 0.0672616 0.0785808 0.44754 
0.0719268 0.0605929 0.0555798 0.0625545 0.0682214 0.0778117 0.0601569 0.0592851 0.483871 
0.0657952 0.0572985 0.0551198 0.059695 0.0653595 0.0664488 0.0572985 0.0575163 0.515468 
0.0593368 0.047993 0.0501745 0.0599913 0.0628272 0.0645724 0.0506108 0.059555 0.544939 
0.0664351 0.0477638 0.0423361 0.0416848 0.0655667 0.0592705 0.0531915 0.0505862 0.573165 
0.0555556 0.0349392 0.0394965 0.0288628 0.0375434 0.0692274 0.0740017 0.0427517 0.617622 
0.00651042 0 0.00737847 0 0.00911458 0.00390625 0.28559 0.015191 0.672309 
0.0143229 0.00824653 0.00564236 0 0.00130208 0.00412326 0.0811632 0.0388455 0.846354 
0.015191 0.0117188 0.00347222 0 0.00130208 0.00260417 0.0794271 0.0325521 0.853733 
0.0203993 0.0104167 0.00347222 0 0.00173611 0.00651042 0.0690104 0.0381944 0.85026 
0.0217014 0.0121528 0.00477431 0 0.00130208 0.00607639 0.0746528 0.0351562 0.844184 
0.0182292 0.0117188 0.00607639 0.000868056 0.00173611 0.00651042 0.0711806 0.0429688 0.840712 
0.0237887 0.0170231 0.00349192 0.000436491 0.000872981 0.00872981 0.0670013 0.0366652 0.84199 
0.0277898 0.0138949 0.00434216 0.000434216 0 0.00933565 0.064264 0.0453756 0.834564 
0.0262815 0.0156386 0.00260643 0.00086881 0.000217202 0.0086881 0.0647263 0.0486533 0.83232 
0.0221739 0.0186957 0.00434783 0.000869565 0 0.01 0.0634783 0.0486957 0.831739 
0.0317253 0.0165146 0.00217297 0.000869187 0 0.00847458 0.0686658 0.0445458 0.827032 
0.0338836 0.0208514 0 0.00086881 0 0.0086881 0.0599479 0.0477845 0.827976 
0.0338689 0.0138949 0 0 0.000434216 0.00868433 0.0620929 0.0503691 0.830656 
0.0330004 0.0230135 0.000434216 0 0 0.00890143 0.0638298 0.0523231 0.818498 
0.0329861 0.0260417 0.00217014 0.000434028 0 0.00737847 0.0685764 0.0546875 0.807726 
0.0453953 0.0260643 0.00217202 0.00086881 0.000434405 0.00955691 0.0753692 0.0556038 0.784535 
0.047536 0.023986 0.00261666 0.00087222 0.00087222 0.0111208 0.0654165 0.0577846 0.789795 
0.0395824 0.0274032 0.00913441 0.00478469 0.00391475 0.0134841 0.0656807 0.0569813 0.779034 
0.0370532 0.0296425 0.00523104 0.00392328 0.00152572 0.0117698 0.0695292 0.0566696 0.784656 
0.046087 0.0365217 0.00565217 0.00434783 0.000434783 0.0147826 0.0673913 0.063913 0.76087 
0.0432421 0.0356367 0.00912647 0.00478053 0.000869187 0.0143416 0.0710561 0.0669274 0.75402 
0.0434594 0.0375924 0.0112994 0.00564972 0.00065189 0.0186875 0.0680139 0.0654063 0.749239 
0.0524369 0.035248 0.0126197 0.00652742 0 0.0278503 0.074195 0.0713664 0.719756 
0.0549045 0.0390625 0.0147569 0.00868056 0.000434028 0.0329861 0.0744358 0.0802951 0.694444 
0.0586192 0.0356057 0.0147634 0.0112896 0.000868432 0.0325662 0.0751194 0.0772905 0.693878 
0.0489343 0.0371901 0.0169639 0.0117442 0 0.0328404 0.0732927 0.076555 0.702479 
0.0483871 0.0418483 0.016565 0.0122058 0.00130776 0.0357454 0.0732345 0.0828248 0.687881 
0.049453 0.0437637 0.0188184 0.014442 0.000437637 0.0380744 0.073523 0.0827134 0.678775 
0.0585664 0.0380245 0.0157343 0.013549 0.00131119 0.0410839 0.0712413 0.0756119 0.684878 
0.0452328 0.0350333 0.0177384 0.0141907 0.00133038 0.0407982 0.0780488 0.0886918 0.678936 
0.0490798 0.0365907 0.0175285 0.016433 0.00175285 0.0407537 0.0701139 0.0854514 0.682296 
0.049585 0.037571 0.0174749 0.0161643 0.00567934 0.0465269 0.0661861 0.0906509 0.670162 
0.0474628 0.0384952 0.0161855 0.0170604 0.00524934 0.0459318 0.0710849 0.0909886 0.667542 
0.0387309 0.0468271 0.0201313 0.0196937 0.00568928 0.0463895 0.0693654 0.092779 0.660394 
0.0451358 0.0449167 0.0184049 0.020596 0.00854514 0.0471078 0.0668273 0.102542 0.645925 
0.0372971 0.047828 0.0184291 0.0223782 0.0127249 0.0500219 0.0715226 0.104871 0.634928 
0.0439367 0.0483304 0.0202109 0.021529 0.0136204 0.0489895 0.0702988 0.107425 0.625659 
0.0430013 0.0462922 0.0201843 0.023914 0.017771 0.0495832 0.0756911 0.122861 0.600702 
0.0442594 0.0444785 0.0190622 0.0238826 0.0195004 0.0606924 0.0709904 0.118536 0.598598 
0.0412462 0.0495832 0.0223782 0.0223782 0.0236946 0.0592365 0.0741553 0.133831 0.573497 
0.0525624 0.0451161 0.0201489 0.022558 0.0251862 0.0626369 0.0716163 0.131187 0.568988 
0.0438982 0.0491659 0.0210711 0.0219491 0.0311677 0.0660667 0.0812116 0.136304 0.549166 
0.0543906 0.0458716 0.0196592 0.0253386 0.030581 0.066623 0.080166 0.140891 0.536479 
0.0518146 0.0450372 0.0201137 0.0251421 0.0336686 0.0745518 0.0885439 0.149978 0.51115 
0.0539237 0.045594 0.0241122 0.0219202 0.0337571 0.0795704 0.0881192 0.160675 0.492328 
0.0670892 0.0336538 0.0192308 0.0257867 0.0393357 0.0799825 0.0885052 0.164336 0.48208 
0.0671609 0.0329263 0.0213694 0.0285652 0.0409943 0.0802442 0.0933275 0.166158 0.469254 
0.0626638 0.0401747 0.0222707 0.0362445 0.0497817 0.0812227 0.0906114 0.166812 0.450218 
0.0598947 0.0370777 0.0256692 0.0324704 0.0471698 0.0925845 0.094559 0.169592 0.440983 
0.0601933 0.038225 0.0202109 0.0307557 0.0553603 0.0988576 0.090949 0.169156 0.436292 
0.0580986 0.0391725 0.0246479 0.0325704 0.0605194 0.101673 0.0930898 0.165493 0.424736 
0.0540184 0.0406236 0.0223979 0.0346948 0.0610452 0.103645 0.0961792 0.165788 0.421607 
0.0486784 0.0339207 0.0220264 0.0352423 0.069163 0.104626 0.096696 0.162775 0.426872 
0.0462594 0.0378486 0.0276671 0.0424967 0.0752545 0.117309 0.0929615 0.167995 0.392209 
0.0408791 0.0417582 0.029011 0.0496703 0.0832967 0.113187 0.101319 0.167692 0.373187 
0.0417582 0.0459341 0.0272527 0.0485714 0.0859341 0.113626 0.0969231 0.157143 0.382857 
0.0382263 0.0393185 0.0297073 0.0530799 0.0858453 0.119048 0.09218 0.160769 0.381826 
0.0398406 0.0385126 0.0278884 0.0553342 0.0973882 0.119301 0.0872067 0.160027 0.374502 
0.0318386 0.041704 0.0329596 0.0625561 0.108744 0.128475 0.0856502 0.15157 0.356502 
0.031264 0.041983 0.034837 0.0634212 0.111657 0.125949 0.0786065 0.142028 0.370255 
0.0274064 0.0454545 0.0354278 0.0659537 0.120766 0.127005 0.0811052 0.133244 0.363636 
0.0244989 0.0454343 0.0340757 0.074833 0.129399 0.124722 0.0815145 0.128285 0.357238 
0.0280773 0.0397574 0.0334681 0.0727763 0.148023 0.118823 0.0792902 0.120395 0.359389 
0.0265033 0.0423163 0.0396437 0.0697105 0.152339 0.108241 0.0710468 0.124053 0.366147 
0.0223015 0.0454951 0.0401427 0.0684657 0.151204 0.105263 0.0651204 0.114853 0.387154 
0.0306488 0.042953 0.0465324 0.0635347 0.159955 0.09217 0.0675615 0.12349 0.373154 
0.0318912 0.0486173 0.0399197 0.0767172 0.155665 0.087868 0.0655665 0.119982 0.373773 
0.0281972 0.0468472 0.0477353 0.0739343 0.162966 0.102353 0.0550622 0.0956927 0.387211 
0.0332589 0.0482143 0.0448661 0.0819196 0.162054 0.101339 0.0598214 0.0854911 0.383036 
0.0293189 0.0437528 0.0394677 0.0721696 0.168471 0.109608 0.0563825 0.0708164 0.410014 
0.0295831 0.0419095 0.0349619 0.080009 0.17481 0.0963693 0.0452712 0.0690273 0.428059 
0.0335721 0.0440913 0.0423008 0.0830349 0.174351 0.116607 0.0434199 0.0619964 0.400627 
0.0364372 0.0458839 0.0402609 0.082996 0.166442 0.119883 0.0479082 0.0553306 0.404858 
0.0447263 0.0400534 0.0376057 0.0747664 0.186916 0.115042 0.0542946 0.0558522 0.390743 
0.0400356 0.0489324 0.0431495 0.0798488 0.172598 0.114101 0.0578292 0.055605 0.3879 
0.039929 0.0437001 0.0468057 0.0840728 0.185892 0.104703 0.0570098 0.0661047 0.371783 
0.0479787 0.0424256 0.0568636 0.0713016 0.175478 0.111062 0.0613061 0.0626388 0.370946 
0.0463872 0.0512935 0.0637823 0.0778323 0.160125 0.0965656 0.074041 0.0722569 0.357716 
0.0565825 0.0432822 0.0550045 0.0739405 0.127592 0.0933273 0.0840848 0.0694319 0.396754 
0.0636696 0.0515746 0.0504336 0.0570516 0.122775 0.0816979 0.0670926 0.070744 0.434961 
0.0546424 0.0535318 0.0635273 0.0564194 0.110173 0.0617503 0.0630831 0.0548645 0.482008 
0.0515098 0.0386323 0.0566163 0.0426288 0.100577 0.0521758 0.062167 0.0597247 0.535968 
0.0495996 0.0338078 0.0431495 0.0462633 0.0876335 0.0422598 0.0464858 0.0542705 0.59653 
0.0501547 0.0296067 0.0402121 0.0229783 0.0642952 0.0417587 0.0512594 0.0536898 0.646045 
0.0388158 0.0214912 0.0315789 0.0324561 0.0732456 0.0311404 0.0484649 0.0592105 0.663597 
0.036655 0.0267779 0.0316067 0.023705 0.0678227 0.0258999 0.0324846 0.0513608 0.703687 
0.0342945 0.0216252 0.0192224 0.0139799 0.0803844 0.0288336 0.0408475 0.0517693 0.709043 
0.0319195 0.0223 0.0113686 0.0126804 0.077394 0.0371666 0.0437254 0.0371666 0.726279 
0.0429756 0.024651 0.0157068 0.0148342 0.047993 0.0257417 0.0517016 0.0368674 0.739529 
0.0388138 0.011775 0.00959442 0.0109027 0.0337985 0.0222416 0.0220235 0.0536415 0.797209 
0.0304083 0.00738488 0.0091225 0.00347524 0.0243267 0.0125977 0.0273675 0.0590791 0.826238 
0.0328118 0.00869187 0.0191221 0.00651891 0.0419383 0.0328118 0.0604085 0.0302043 0.767492 
0.0494792 0.0125868 0.0338542 0.0121528 0.0438368 0.0490451 0.062066 0.0321181 0.704861 
0.0963803 0.0351068 0.0183166 0.0261666 0.047536 0.0841692 0.0723942 0.106629 0.513301 
0.0931394 0.0232306 0.0167173 0.0212766 0.0414677 0.0842379 0.078376 0.124403 0.517152 
0.0924479 0.0217014 0.0138889 0.00824653 0.0481771 0.0802951 0.0876736 0.130642 0.516927 
0.10612 0.0249566 0.0121528 0.0093316 0.0407986 0.0735677 0.102214 0.146918 0.483941 
0.125 0.0209059 0.0209059 0.0143728 0.0370209 0.0851481 0.109756 0.177047 0.409843 
0.152589 0.0168029 0.0195277 0.00522252 0.0222525 0.0515441 0.124432 0.234787 0.372843 
0.142922 0.00546199 0.00819299 0 0.000910332 0.00796541 0.109695 0.268776 0.456076 
0.0183007 0.00305011 0.00479303 0.0043573 0.00915033 0.0143791 0.0344227 0.0156863 0.895861 
0.0135194 0.0113389 0.0113389 0.0087222 0.0104666 0.00523332 0.00915831 0.00828609 0.921936 
0.00651891 0.0108648 0.0121686 0.00782269 0.0112994 0.00912647 0.00999565 0.00651891 0.925685 
0.0100087 0.0121845 0.0147955 0.0104439 0.00913838 0.00435161 0.0169713 0.0147955 0.907311 
0.0148277 0.00959442 0.0124291 0.011775 0.0191888 0.0183166 0.0167902 0.0135194 0.883559 
0.014789 0.0117442 0.0208786 0.0165289 0.0260983 0.014789 0.015224 0.00913441 0.870813 
0.0121845 0.00652742 0.0104439 0.0128372 0.0221932 0.0124021 0.0100087 0.00739774 0.906005 
0.00913441 0.0141366 0.0143541 0.0115268 0.0243584 0.00956938 0.00652458 0.0030448 0.907351 
0.0187119 0.0117493 0.0213229 0.0165361 0.02698 0.0152306 0.0143603 0.00696258 0.868146 
0.0125977 0.0156386 0.0247611 0.0112945 0.0199826 0.0108601 0.0143354 0.0112945 0.879235 
0.0113191 0.0113191 0.0195908 0.00609491 0.0222029 0.00957771 0.0113191 0.00957771 0.898999 
0.0158765 0.00826446 0.0204437 0.0182688 0.0265333 0.0117442 0.0123967 0.00826446 0.878208 
0.0188966 0.0125977 0.0125977 0.0195482 0.0351868 0.00955691 0.0180278 0.0086881 0.8649 
0.00870322 0.00696258 0.00870322 0.0102263 0.0252393 0.0128372 0.016101 0.00826806 0.902959 
0.0060896 0.0106568 0.0108743 0.0123967 0.0278382 0.0108743 0.0100043 0.00565463 0.905611 
0.0170753 0.00831874 0.0100701 0.00569177 0.0201401 0.00656743 0.012697 0.00437828 0.915061 
0.296699 0.0395308 0.00738488 0.00477845 0.0130321 0.00434405 0.0125977 0.00608167 0.615552 
0.0627744 0.109306 0.0632133 0.0355575 0.00768218 0.00702371 0.0309482 0.0114135 0.672081 
0.317668 0.0413403 0.0100087 0.00478677 0.010879 0.00913838 0.0121845 0.0139252 0.58007 
0.271621 0.0517166 0.00521512 0.00347675 0.00869187 0.0069535 0.00738809 0.00738809 0.637549 
0.0256076 0.00694444 0.00434028 0.00130208 0.00390625 0.00130208 0.00434028 0.00130208 0.950955 
0.0455729 0.00824653 0.00607639 0.00260417 0.00130208 0.000217014 0.00173611 0.00325521 0.93099 
0.0670864 0.0138949 0.00759878 0.00434216 0.000868432 0.000434216 0.0112896 0.00347373 0.891012 
0.0820312 0.015625 0.00607639 0.000868056 0.000434028 0.000868056 0.00911458 0.00173611 0.883247 
0.114149 0.0381944 0.0078125 0.00130208 0.00217014 0.000434028 0.00260417 0.00477431 0.828559 
0.133681 0.0523003 0.00694444 0.00173611 0.00173611 0.000434028 0.00390625 0.00716146 0.792101 
0.0872775 0.103995 0.00825011 0.00217108 0.00390795 0.00130265 0.00390795 0.00673035 0.782458 
0.0447049 0.164062 0.0147569 0.00347222 0.00651042 0.00217014 0.00998264 0.00564236 0.748698 
0.030816 0.195747 0.00868056 0.00217014 0.00368924 0.000868056 0.00542535 0.00390625 0.748698 
0.0256076 0.187066 0.00607639 0.00130208 0.00260417 0.00130208 0.00390625 0.00607639 0.766059 
0.0182292 0.173611 0.00564236 0.00217014 0.00130208 0.000868056 0.00130208 0.00434028 0.792535 
0.0143229 0.175347 0.00889757 0.00347222 0.00455729 0.000434028 0.00173611 0.00347222 0.78776 
0.0091225 0.163771 0.0108601 0.00260643 0.00347524 0.00608167 0.00477845 0.00173762 0.797567 
0.0108507 0.16059 0.00737847 0.000868056 0.00303819 0.00217014 0.00607639 0.00651042 0.802517 
0.00694444 0.144097 0.00998264 0.000434028 0.00390625 0.000434028 0.00347222 0.00477431 0.825955 
0.0138889 0.130642 0.00607639 0.000868056 0.00217014 0.000868056 0.000868056 0.00217014 0.842448 
0.0130378 0.114733 0.00434594 0.00065189 0.00782269 0.00108648 0.00173837 0.00173837 0.854846 
0.00782269 0.0864841 0.00391134 0.00217297 0.00912647 0.00173837 0.00608431 0.000869187 0.881791 
0.0117188 0.0566406 0.00868056 0.00282118 0.00737847 0.00282118 0.00347222 0.00282118 0.903646 
0.0182292 0.0399306 0.00260417 0.00347222 0.0147569 0.00477431 0.000868056 0 0.915365 
0.0203993 0.0277778 0.00477431 0.00260417 0.00911458 0.00564236 0.00130208 0.00260417 0.925781 
0.0147634 0.0212766 0.00825011 0.00347373 0.0117238 0.00521059 0.0143291 0.00390795 0.917065 
0.0126087 0.00695652 0.00369565 0.00391304 0.0119565 0.00521739 0.00434783 0.00304348 0.948261 
0.014789 0.0102218 0.00565463 0.00587212 0.0143541 0.00565463 0.00782949 0.00347977 0.932144 
0.0208786 0.0060896 0.00521966 0.00695955 0.015224 0.00695955 0.0100043 0.00173989 0.926925 
0.0150261 0.00696864 0.00544425 0.00479094 0.0222125 0.00958188 0.0065331 0.00391986 0.925523 
0.0169565 0.00217391 0.00304348 0.0073913 0.0234783 0.00913044 0.00695652 0.00652174 0.924348 
0.0143854 0.00261552 0.0043592 0.0087184 0.0233217 0.0113339 0.00457716 0.00523104 0.925458 
0.0126197 0.00391645 0.00609225 0.00696258 0.0291558 0.010879 0.00522193 0.00478677 0.920366 
0.0106337 0.00260417 0.00499132 0.0104167 0.0351562 0.0117188 0.00824653 0.00217014 0.914062 
0.0112896 0.00173686 0.00477638 0.0112896 0.0399479 0.0121581 0.00521059 0.00217108 0.91142 
0.0186632 0.00694444 0.00390625 0.0125868 0.0290799 0.0164931 0.00390625 0.00303819 0.905382 
0.0248042 0.0130548 0.0126197 0.0124021 0.0365535 0.0141427 0.0121845 0.00913838 0.8651 
0.0259034 0.00740096 0.0132782 0.0113191 0.033522 0.016108 0.0191554 0.00914236 0.864171 
0.0290925 0.0132436 0.032132 0.0147634 0.0290925 0.0145462 0.026053 0.00607903 0.834998 
0.0395652 0.013913 0.0195652 0.0121739 0.0317391 0.0130435 0.0265217 0.0104348 0.833043 
0.0388986 0.0190122 0.0192308 0.013986 0.0174825 0.0148601 0.0231643 0.00939685 0.843969 
0.04363 0.0185428 0.017452 0.0074171 0.0178883 0.0109075 0.0235602 0.0154887 0.845113 
0.0476399 0.0216346 0.0393357 0.00699301 0.0118007 0.00568182 0.0467657 0.0163899 0.803759 
0.0561947 0.0212389 0.0371681 0.00973451 0.0139381 0.00530973 0.0506637 0.020354 0.785398 
0.0689882 0.0249671 0.0505913 0.0113885 0.0168638 0.00919842 0.0313184 0.0166448 0.770039 
0.0936543 0.0341357 0.0271335 0.0105033 0.0157549 0.00919037 0.052954 0.0245077 0.732166 
0.135829 0.0289508 0.0143666 0.00478886 0.0134959 0.00391815 0.024815 0.0245973 0.749238 
0.14869 0.0157205 0.0170306 0.00436681 0.0157205 0.0161572 0.0111354 0.0257642 0.745415 
0.146969 0.0266027 0.0157 0.00523332 0.0165722 0.0176625 0.0130833 0.023768 0.734409 
0.14217 0.0170604 0.0170604 0.00787402 0.0126859 0.0284339 0.0192476 0.0437445 0.711724 
0.155293 0.0218723 0.0209974 0.00612423 0.0153106 0.0358705 0.0192476 0.0393701 0.685914 
0.165724 0.0191388 0.0165289 0.00652458 0.0108743 0.0395824 0.0247934 0.0352327 0.681601 
0.148584 0.0235294 0.0213508 0.00653595 0.0156863 0.0300654 0.0339869 0.0501089 0.670152 
0.17716 0.0173687 0.0264872 0.00607903 0.0156318 0.0125923 0.0360399 0.054277 0.654364 
0.192441 0.0258471 0.0234579 0.00434405 0.0086881 0.0112945 0.0408341 0.0649435 0.628149 
0.210561 0.0239027 0.0245545 0.00651891 0.00999565 0.0134724 0.0330291 0.0743155 0.603651 
0.248588 0.0169492 0.0208605 0.00173837 0.0069535 0.00956106 0.0269448 0.0895263 0.578879 
0.27814 0.0260756 0.0191221 0.00347675 0.00825728 0.0119513 0.0273794 0.0993047 0.526293 
0.365334 0.0217202 0.0278019 0.00304083 0.00608167 0.0112945 0.0251955 0.0421373 0.497394 
0.27466 0.0328803 0.0398948 0.0258658 0.0486629 0.0214818 0.0615958 0.0767207 0.418238 
0.288091 0.0348074 0.0394046 0.0343695 0.033275 0.015324 0.058669 0.0923818 0.403678 
0.318882 0.0558979 0.0413732 0.0264085 0.0259683 0.0178257 0.0618398 0.0640405 0.387764 
0.454565 0.05 0.0158696 0.00369565 0.00869565 0.00456522 0.0230435 0.0330435 0.406522 
0.450891 0.0686658 0.0217297 0.00260756 0.00434594 0.00152108 0.0210778 0.0297697 0.399392 
0.449389 0.0695899 0.0205061 0.0008726 0.0021815 0.0021815 0.0196335 0.0259599 0.409686 
0.454822 0.0601651 0.0191138 0.00173762 0.00347524 0.00217202 0.0173762 0.0384448 0.402693 
0.481062 0.0450588 0.0152373 0.0017414 0.00609491 0.0026121 0.0278624 0.0350457 0.385285 
0.49761 0.0460669 0.0112994 0.00260756 0.0069535 0.00260756 0.0130378 0.0321599 0.387658 
0.487179 0.0465015 0.0134724 0.00304216 0.00304216 0.00173837 0.0234681 0.0304216 0.391134 
0.491932 0.0457915 0.0165722 0.00218055 0.00130833 0.00305277 0.0109027 0.0340166 0.394243 
0.47389 0.0485205 0.0156658 0.00130548 0.00217581 0.000435161 0.0121845 0.0354656 0.410357 
0.487152 0.0564024 0.0148084 0.00043554 0.00130662 0 0.00979965 0.0224303 0.407665 
0.375 0.156141 0.0130662 0 0.00087108 0 0.00783972 0.0289634 0.418118 
0.513032 0.0291051 0.00955691 0 0.000434405 0.000434405 0.00955691 0.032146 0.405734 
0.100913 0.4204 0.014789 0.00260983 0.000434972 0.000434972 0.0104393 0.0158765 0.434102 
0.39295 0.132724 0.0169713 0.000870322 0 0 0.0104439 0.0195822 0.426458 
0.39484 0.135549 0.0209882 0.0056843 0.00174902 0.000874508 0.00830783 0.0179274 0.41408 
0.087385 0.427727 0.0330705 0.00525624 0.00087604 0.00087604 0.0135786 0.0137976 0.417433 
0.181422 0.336459 0.0270388 0.00305277 0.00087222 0.00043611 0.027911 0.0290013 0.393807 
0.0738488 0.468071 0.0299739 0.000434405 0.00086881 0 0.00955691 0.0197654 0.39748 
0.0618736 0.470806 0.0344227 0.00174292 0.00087146 0 0.0087146 0.0224401 0.399129 
0.0534002 0.457934 0.027027 0.00261552 0.00043592 0 0.011116 0.0137315 0.43374 
0.0633711 0.450348 0.0176394 0.00174216 0.00043554 0 0.0108885 0.0248258 0.430749 
0.0536649 0.434555 0.0200698 0.0013089 0.0008726 0.0004363 0.0126527 0.0231239 0.453316 
0.0868902 0.438807 0.0198171 0.0021777 0 0 0.010453 0.0206882 0.421167 
0.115368 0.441445 0.0217675 0.000870701 0 0.000870701 0.0126252 0.017414 0.389639 
0.145661 0.387266 0.0174444 0.00130833 0 0 0.0187527 0.0218055 0.407763 
0.309067 0.242153 0.0261552 0.00130776 0.00043592 0 0.0183086 0.0211421 0.38143 
0.317391 0.187174 0.0234783 0.00347826 0.00130435 0 0.0204348 0.0193478 0.427391 
0.255245 0.248252 0.0218531 0.00393357 0.00131119 0 0.0240385 0.0148601 0.430507 
0.337123 0.200044 0.0231745 0.00218627 0 0 0.0148666 0.0107127 0.411893 
0.359553 0.161481 0.0267309 0.00175285 0.000438212 0 0.0133655 0.016433 0.420245 
0.258523 0.262675 0.0192308 0.00393357 0 0 0.0155157 0.0170455 0.423077 
0.335808 0.178603 0.0174672 0.00655022 0.00131004 0 0.0248908 0.0183406 0.417031 
0.30266 0.232447 0.0143916 0.00392499 0.00087222 0 0.0218055 0.0143916 0.409507 
0.277366 0.250981 0.0178805 0.00305277 0.00043611 0 0.0261666 0.0141736 0.409943 
0.254059 0.253401 0.0223782 0.0100921 0.00482668 0.00175516 0.0276437 0.0261079 0.399737 
0.188374 0.327579 0.0244755 0.0034965 0.00174825 0.000437063 0.0410839 0.0281906 0.384615 
0.263249 0.278019 0.0086881 0.00173762 0 0.000434405 0.0234579 0.0156386 0.408775 
0.235665 0.294309 0.0115117 0.00434405 0.00173762 0.00130321 0.0169418 0.021503 0.412685 
0.272609 0.263261 0.0136957 0.00695652 0.0026087 0.000434783 0.0197826 0.0123913 0.408261 
0.328844 0.200912 0.00738488 0.00130321 0.00390964 0.00543006 0.0147698 0.0191138 0.418332 
0.357112 0.177686 0.0104393 0.000434972 0.00391475 0.0100043 0.0230535 0.0176164 0.399739 
0.438913 0.0797826 0.0128261 0.00130435 0.00434783 0.0234783 0.0230435 0.0297826 0.386522 
0.369622 0.158192 0.01608 0.000869187 0.0186875 0.0252064 0.0545415 0.0347675 0.322034 
0.403436 0.0946063 0.0154415 0.00173989 0.0282732 0.0195737 0.0574163 0.0806873 0.298826 
0.501086 0.0531915 0.00955276 0.026053 0.00868433 0.00738168 0.0247503 0.0336518 0.335649 
0.513255 0.0412864 0.0134724 0.0221643 0.00825728 0.00434594 0.0230335 0.0269448 0.34724 
0.449326 0.10809 0.0226185 0.0204437 0.00565463 0.00434972 0.0191388 0.0324054 0.337973 
0.396304 0.166522 0.0373913 0.0204348 0.00608696 0.00304348 0.0167391 0.0204348 0.333043 
0.358852 0.209439 0.0421923 0.0239234 0.00782949 0.00869943 0.0352327 0.0345803 0.279252 
0.428758 0.121851 0.018245 0.0338836 0.0317116 0.0130321 0.0560382 0.039748 0.256733 
0.458442 0.0274151 0.0204526 0.00609225 0.0104439 0.0304613 0.0828982 0.10879 0.255004 
0.457934 0.0113339 0.00523104 0.00261552 0.00283348 0.0222319 0.0723627 0.149956 0.275501 
0.381957 0.00869565 0.00847826 0.000869565 0.000869565 0.0130435 0.0782609 0.232174 0.275652 
0.25163 0.0108648 0.00738809 0.00130378 0.00391134 0.0123859 0.0595393 0.342243 0.310734 
0.192776 0.0126197 0.00478677 0.00261097 0.00456919 0.0124021 0.0493908 0.414926 0.305918 
0.114833 0.00782949 0.00695955 0.000434972 0.00478469 0.00869943 0.0648108 0.494128 0.297521 
0.0569318 0.00912647 0.00478053 0.00304216 0.00391134 0.0132551 0.0747501 0.531291 0.302912 
0.0688831 0.011734 0.000434594 0.00347675 0.0069535 0.0141243 0.0632334 0.497392 0.333768 
0.0719268 0.0135135 0.00784656 0.00610288 0.0104621 0.0132956 0.0675676 0.494551 0.314734 
0.0981715 0.0126252 0.0132782 0.00522421 0.0148019 0.0185024 0.0600784 0.479103 0.298215 
0.176471 0.0130719 0.0117647 0.00544662 0.0122004 0.0150327 0.0601307 0.415251 0.290632 
0.17131 0.0139312 0.00653026 0.00217675 0.0130605 0.0208968 0.0681323 0.412277 0.291685 
0.311765 0.0143791 0.00784314 0.00217865 0.0152505 0.0111111 0.0551198 0.276035 0.306318 
0.360157 0.0165289 0.00848195 0.00347977 0.00521966 0.0100043 0.0467595 0.248369 0.301 
0.412353 0.0208786 0.0100043 0.000869943 0.00173989 0.00347977 0.0204437 0.209656 0.320574 
0.461522 0.0191304 0.00434783 0.000434783 0.00217391 0.0023913 0.0258696 0.142826 0.341304 
0.471908 0.0304878 0.00696864 0.00130662 0.00174216 0.00326655 0.0211237 0.136977 0.326219 
0.477579 0.0635612 0.0104484 0.000870701 0.00217675 0.0043535 0.017414 0.121463 0.302133 
0.465909 0.090472 0.00961538 0.00174825 0.00524476 0.000437063 0.0131119 0.121503 0.291958 
0.466942 0.0959113 0.0104393 0.00173989 0.00391475 0.000869943 0.0145716 0.110265 0.295346 
0.471497 0.089208 0.0174064 0.00261097 0.00478677 0.00391645 0.0193647 0.106614 0.284595 
0.522014 0.0904534 0.0143854 0.00305144 0.00523104 0.00610288 0.0159111 0.0682214 0.274629 
0.545316 0.069281 0.0191721 0.00261438 0.00217865 0.00653595 0.00936819 0.0810458 0.264488 
0.516108 0.069003 0.0222029 0.00304745 0.00391815 0.00740096 0.0150196 0.118633 0.244667 
0.493264 0.0404172 0.0147762 0.00217297 0.00521512 0.00217297 0.00912647 0.157323 0.275532 
0.427609 0.0204348 0.0126087 0.000869565 0.00217391 0.00217391 0.0115217 0.239565 0.283043 
0.421121 0.0158627 0.00521512 0.000434594 0.00173837 0.00108648 0.0147762 0.266841 0.272925 
0.506313 0.0252503 0.00522421 0.00043535 0.00043535 0.000870701 0.0143666 0.170657 0.276448 
0.588671 0.0509804 0.00653595 0 0 0.000217865 0.00740741 0.0729847 0.273203 
0.599479 0.0586447 0.00564726 0.00217202 0.00130321 0 0.0104257 0.0469157 0.275413 
0.536755 0.127447 0.00652458 0.00173989 0.00391475 0.00130492 0.00695955 0.0413223 0.274032 
0.485153 0.167686 0.0144105 0.000873362 0.000873362 0.00131004 0.0126638 0.0423581 0.274672 
0.431027 0.177763 0.0324195 0.00174064 0.00696258 0.00130548 0.00957354 0.033725 0.305483 
0.278892 0.274967 0.0547318 0.0043611 0.00828609 0.00457915 0.0122111 0.0331444 0.328827 
0.257622 0.0960366 0.0455139 0.0117596 0.00827526 0.00609756 0.0256969 0.0328833 0.516115 
0.242995 0.0577933 0.0595447 0.0146673 0.0175131 0.022986 0.0809982 0.0643608 0.439142 
0.0817223 0.00878735 0.0492091 0.0320738 0.122144 0.0836995 0.15993 0.0718366 0.390598 
0.024583 0.00263389 0.0215101 0.0166813 0.111501 0.0915277 0.184811 0.0239245 0.522827 
0.0118214 0.00175131 0.0267075 0.0170753 0.101795 0.110333 0.193301 0.0214536 0.515762 
0.0131119 0.000874126 0.0240385 0.0148601 0.100524 0.106643 0.171766 0.020979 0.547203 
0.00395778 0.00153914 0.0189094 0.0222076 0.150836 0.179859 0.112577 0.0105541 0.49956 
0.00437828 0.00284588 0.0242995 0.0400613 0.274956 0.114711 0.0475044 0.00481611 0.486427 
0.00262238 0.00262238 0.0268794 0.0979021 0.344187 0.0716783 0.0305944 0.00480769 0.418706 
0.00218245 0.00174596 0.0303361 0.218682 0.244653 0.0619817 0.0266259 0.00785683 0.405936 
0.00611354 0.00938865 0.0720524 0.401092 0.0956332 0.0262009 0.0139738 0.00305677 0.372489 
0.0017452 0.0017452 0.0846422 0.42103 0.0667539 0.0301047 0.0152705 0.0039267 0.374782 
0 0.00241971 0.119226 0.441487 0.0431148 0.0321161 0.0224373 0.000879894 0.338319 
0 0.000658762 0.0944225 0.424023 0.0461133 0.0667545 0.0263505 0.00131752 0.34036 
0.000439754 0.00373791 0.0474934 0.48263 0.0980651 0.0175902 0.0131926 0.00131926 0.335532 
0.000879507 0.000879507 0.0349604 0.51737 0.0886104 0.0204485 0.0162709 0.00131926 0.319261 
0 0.00221239 0.0254425 0.540708 0.0966814 0.0141593 0.0163717 0.000442478 0.303982 
0.000880669 0.00176134 0.0156319 0.567591 0.0794804 0.0176134 0.0127697 0 0.304271 
0.00043592 0.00239756 0.0213601 0.56299 0.0823888 0.0122058 0.0156931 0 0.302528 
0.00217675 0.0017414 0.0198084 0.498912 0.152155 0.0182847 0.0130605 0.0017414 0.29212 
0.00174596 0.00414666 0.0270624 0.452423 0.156918 0.0366652 0.0202968 0.00349192 0.29725 
0.00392157 0.00261438 0.0220044 0.408497 0.163617 0.0747277 0.0200436 0.00261438 0.301961 
0.00305144 0.00414124 0.0372711 0.304926 0.156495 0.113339 0.027245 0.00261552 0.350915 
0.00283471 0.00174444 0.0133014 0.180768 0.234627 0.115787 0.0335805 0.00130833 0.416049 
0.00174672 0.00218341 0.0163755 0.148472 0.299782 0.0829694 0.0161572 0.000436681 0.431878 
0.00131119 0.00502622 0.0148601 0.125219 0.329327 0.0319056 0.0150787 0.00174825 0.475524 
0.00131062 0.00327654 0.0233727 0.0664045 0.311271 0.0401922 0.0179118 0.00109218 0.535168 
0.00130776 0.00588492 0.0510026 0.0756321 0.243243 0.0239756 0.0231037 0.00130776 0.574542 
0.0174825 0.0806381 0.0729895 0.117133 0.152535 0.0749563 0.0388986 0.013986 0.431381 
0.00938455 0.117416 0.137058 0.112615 0.0654736 0.0384112 0.118944 0.021388 0.37931 
0.0047993 0.114529 0.147906 0.1226 0.0589005 0.0497382 0.0972949 0.00938045 0.394852 
0.0125883 0.0812721 0.11197 0.183746 0.163869 0.0554329 0.0154594 0.00287102 0.372792 
0.0124563 0.0524476 0.0887238 0.139642 0.258523 0.059222 0.034528 0.00699301 0.347465 
0.0466841 0.0495201 0.0650087 0.0604276 0.131545 0.0977312 0.0743892 0.0135253 0.461169 
0.176906 0.0675381 0.0178649 0.0174292 0.0492375 0.0488017 0.14902 0.0867102 0.386492 
0.202397 0.0431373 0.0224401 0.0235294 0.0535948 0.0577342 0.149891 0.110893 0.336383 
0.016115 0.108885 0.0844948 0.0561847 0.141551 0.049216 0.103223 0.00740418 0.432927 
0.0111063 0.210148 0.125436 0.0718641 0.0108885 0.00958188 0.0359321 0.03027 0.494774 
0.0178649 0.305664 0.223965 0.0446623 0.00174292 0.00152505 0.0139434 0.046841 0.343791 
0.063913 0.389783 0.0723913 0.00173913 0.000869565 0.000869565 0.00804348 0.00891304 0.453478 
0.0569565 0.47413 0.0269565 0.00304348 0.0026087 0.000434783 0.0204348 0.0515217 0.363913 
0.0336664 0.533015 0.0197654 0.00434405 0.00130321 0.00108601 0.0225891 0.0545178 0.329713 
0.0356677 0.543062 0.0200087 0.00347977 0.000434972 0.000652458 0.0104393 0.0669856 0.319269 
0.0823171 0.560322 0.00827526 0.00043554 0 0.00087108 0.00391986 0.0276568 0.316202 
0.125164 0.531836 0.00915831 0.00043611 0.00043611 0.00087222 0.00174444 0.0067597 0.323594 
0.259364 0.378267 0.00892857 0.00174216 0.00108885 0 0.00413763 0.0324477 0.314024 
0.481925 0.158754 0.00348432 0.00174216 0.00087108 0 0.00195993 0.0555314 0.295732 
0.557274 0.0635889 0.00566202 0.00087108 0.00043554 0.00021777 0.00587979 0.0638066 0.302265 
0.481272 0.0816638 0.00609756 0.00130662 0.00043554 0 0.0291812 0.0860192 0.314024 
0.454348 0.088913 0.00347826 0.00304348 0.00304348 0.00434783 0.0434783 0.0767391 0.322609 
0.295652 0.227826 0.00869565 0.00521739 0.0073913 0.0156522 0.00913044 0.0630435 0.367391 
0.115986 0.373805 0.0195482 0.0134666 0.0169418 0.00608167 0.00781929 0.0110773 0.435274 
0.0341156 0.383529 0.148414 0.057801 0.0130378 0.00521512 0.0112994 0.00934376 0.337245 
0.022846 0.356614 0.189513 0.0746301 0.0113142 0.00565709 0.010879 0.00870322 0.319843 
0.0463043 0.492391 0.0241304 0.00304348 0.00130435 0 0.0121739 0.0176087 0.403043 
0.0733566 0.492381 0.0143666 0.0017414 0.000870701 0.000217675 0.0245973 0.0711798 0.321289 
0.0726403 0.516746 0.014789 0.000434972 0.00173989 0.000434972 0.0187038 0.0717703 0.30274 
0.0561114 0.529578 0.0187038 0.00260983 0.000869943 0 0.0204437 0.0680731 0.30361 
0.062201 0.547194 0.0256633 0.00391475 0.0015224 0.00108743 0.00543715 0.0498043 0.303175 
0.0394679 0.609464 0.0361971 0.00981247 0.00087222 0.00130833 0.00196249 0.00479721 0.296119 
0.0193815 0.608885 0.0585801 0.00783972 0.00174216 0 0 0.00174216 0.301829 
0.0165794 0.586606 0.101222 0.0065445 0.0008726 0 0.0008726 0.00196335 0.28534 
0.0124346 0.544066 0.127618 0.00545375 0.0004363 0.0004363 0.0017452 0.00370855 0.304101 
0.0106661 0.432303 0.180017 0.0130605 0.0017414 0 0 0.00478886 0.357423 
0.0209241 0.286835 0.259372 0.032694 0.00305144 0 0.0021796 0.00130776 0.393636 
0.00807508 0.190528 0.217591 0.0224793 0.0122217 0.00349192 0.00742034 0.0488869 0.489306 
0.00545375 0.178447 0.222513 0.0196335 0.00414485 0.026178 0.0575916 0.0270506 0.458988 
0.00544662 0.187146 0.239869 0.0230937 0.00392157 0.0396514 0.0592593 0.01939 0.422222 
0.0119721 0.138877 0.0859817 0.0245973 0.0108838 0.0472355 0.0635612 0.0195908 0.597301 
0.0483239 0.162603 0.214192 0.0994776 0.0768394 0.026121 0.0245973 0.0104484 0.337397 
0.0217675 0.139094 0.163909 0.159121 0.0703091 0.0169787 0.0152373 0.00696561 0.406617 
0.01939 0.12549 0.218954 0.184314 0.0492375 0.0148148 0.0117647 0.00392157 0.372113 
0.0186159 0.237845 0.254709 0.113666 0.0113885 0.00635129 0.00700832 0.0021901 0.348226 
0.0076286 0.244115 0.217306 0.0767219 0.0401046 0.0383609 0.0174368 0.00479512 0.353531 
0.0156863 0.27146 0.128105 0.0366013 0.0163399 0.0788671 0.0572985 0.0100218 0.385621 
0.0122271 0.223799 0.100873 0.0320961 0.0537118 0.10393 0.030131 0.00305677 0.440175 
0.24837 0.0436767 0.0419383 0.117123 0.0897436 0.0369405 0.0310734 0.0291178 0.362017 
0.178556 0.0143541 0.0443671 0.0682906 0.0900391 0.0369726 0.0754676 0.105263 0.38669 
0.0651324 0.00130265 0.0117238 0.0104212 0.046244 0.136778 0.172167 0.0990013 0.45723 
0.0243056 0.00260417 0.0125868 0.0130208 0.0184462 0.0711806 0.266276 0.244792 0.346788 
0.106614 0.00696258 0.00696258 0.00261097 0.0208877 0.0735422 0.134465 0.334639 0.313316 
0.182927 0.0261324 0.0753484 0.00740418 0.0722997 0.0413763 0.0270035 0.272213 0.295296 
0.28379 0.0243372 0.100826 0.065189 0.0521512 0.0108648 0.0152108 0.159496 0.288136 
0.38669 0.0550239 0.077425 0.0511092 0.0417573 0.0182688 0.0265333 0.0495868 0.293606 
0.232422 0.046875 0.0177951 0.0286458 0.0273438 0.0674913 0.110026 0.0501302 0.419271 
0.32312 0.0273794 0.00782269 0.011734 0.0345502 0.0747501 0.129944 0.0782269 0.312473 
0.393246 0.0108932 0.00697168 0.024183 0.0714597 0.040305 0.0760349 0.0976035 0.279303 
0.403562 0.0152042 0.0636403 0.0278019 0.0201998 0.0156386 0.0347524 0.0907906 0.32841 
0.356864 0.0162902 0.0970895 0.0208514 0.0175934 0.013901 0.0219374 0.0957863 0.359687 
0.313287 0.0362571 0.123317 0.0236648 0.0312636 0.0104212 0.0128094 0.0829353 0.366044 
0.158272 0.0284412 0.0805471 0.0449414 0.0592705 0.0325662 0.0245332 0.269214 0.302215 
0.277923 0.0318499 0.0425393 0.0222513 0.0440663 0.0270506 0.107548 0.126527 0.320244 
0.37859 0.00696258 0.0182768 0.00870322 0.00979112 0.0089208 0.164708 0.085074 0.318973 
0.394817 0.0135017 0.0182927 0.00348432 0.00261324 0.00544425 0.127395 0.106925 0.327526 
0.423647 0.0178883 0.0152705 0.0008726 0.0017452 0.0034904 0.0689354 0.147033 0.321117 
0.514597 0.046841 0.00348584 0.00261438 0.00130719 0.00130719 0.0344227 0.0882353 0.30719 
0.415037 0.12864 0.00391134 0 0.000434594 0.000434594 0.0308561 0.100391 0.320296 
0.421236 0.0778938 0.0861619 0.00217581 0.00217581 0.00130548 0.0208877 0.0439513 0.344212 
0.414448 0.0838062 0.156482 0.00567438 0.00174596 0.00174596 0.00960279 0.0244435 0.302052 
0.400261 0.101263 0.156794 0.0043554 0.00087108 0.00087108 0.00958188 0.0259146 0.300087 
0.391608 0.121503 0.153409 0.00305944 0.00131119 0.00218531 0.0109266 0.0179196 0.298077 
0.414155 0.105723 0.0685889 0.0122324 0.00436872 0.000436872 0.00917431 0.0336391 0.351682 
0.385671 0.0594512 0.0555314 0.00348432 0.00174216 0.0191638 0.108885 0.0211237 0.344948 
0.391162 0.0426643 0.0446234 0.00565956 0.00304745 0.00740096 0.139312 0.0191554 0.346974 
0.368101 0.0247718 0.0069535 0.00391134 0.00825728 0.0115167 0.146458 0.0345502 0.39548 
0.363557 0.00915432 0.00261552 0.00174368 0.0126417 0.0710549 0.154316 0.0401046 0.344813 
0.35394 0.00130605 0.0017414 0.00043535 0.0265564 0.127558 0.125381 0.0374401 0.325642 
0.326163 0.00347675 0.00391134 0.00369405 0.123859 0.0423729 0.1206 0.0391134 0.33681 
0.117276 0.00304613 0.0078329 0.0546127 0.120322 0.0702785 0.0696258 0.216275 0.340731 
0.00738168 0.00130265 0.0132436 0.136778 0.0468954 0.111811 0.024099 0.307642 0.350847 
0.00477638 0.0054277 0.0848893 0.102258 0.0892314 0.0568823 0.0147634 0.295267 0.346505 
0.00761201 0.0158765 0.106351 0.0919965 0.0909091 0.0274032 0.015659 0.304915 0.339278 
0.0784185 0.0283967 0.0668414 0.105286 0.0463084 0.0388816 0.0299257 0.307558 0.298384 
0.0386788 0.0104302 0.027814 0.0408518 0.0239027 0.0252064 0.166884 0.323772 0.34246 
0.0931501 0.0126527 0.0239965 0.0152705 0.0222513 0.0279232 0.173429 0.253927 0.3774 
0.0433174 0.0126252 0.0100131 0.0121898 0.0115368 0.0413583 0.226382 0.299956 0.342621 
0.046385 0.00522648 0.00522648 0.00522648 0.0043554 0.0256969 0.267639 0.329704 0.31054 
0.0635612 0.00391815 0.0017414 0.00391815 0.00740096 0.0285155 0.234219 0.341532 0.315194 
0.147979 0.0165146 0.0508475 0.00956106 0.0136897 0.0373751 0.14472 0.229465 0.349848 
0.177314 0.0241199 0.12299 0.0691004 0.00825728 0.055628 0.055628 0.186658 0.300304 
0.221062 0.0178416 0.219321 0.0350305 0.0104439 0.0781114 0.0221932 0.119234 0.276762 
0.252719 0.0374076 0.206829 0.0430622 0.0334928 0.0482819 0.0132666 0.0861244 0.278817 
0.296514 0.0505447 0.177342 0.0936819 0.0527233 0.0152505 0.0119826 0.0117647 0.290196 
0.299388 0.0450175 0.0703671 0.212413 0.0432692 0.0179196 0.0100524 0.0109266 0.290647 
0.286026 0.029476 0.0510917 0.0347162 0.127948 0.107424 0.0170306 0.0393013 0.306987 
0.26767 0.0279232 0.0702443 0.00850785 0.0152705 0.185209 0.0953316 0.0187609 0.311082 
0.253836 0.0346339 0.0749671 0.0122753 0.019509 0.103902 0.129987 0.0223586 0.348531 
0.252072 0.0255124 0.0431749 0.019843 0.0231138 0.1413 0.0863498 0.0209333 0.387702 
0.253927 0.0170157 0.0196335 0.0191972 0.0239965 0.183246 0.108202 0.0296684 0.345113 
0.254621 0.0206866 0.0310299 0.0162852 0.0706426 0.108275 0.140185 0.0308099 0.327465 
0.264861 0.0317041 0.0255394 0.0206957 0.152136 0.0303831 0.108763 0.0325848 0.333333 
0.278631 0.0309346 0.0232558 0.0756911 0.105529 0.0234752 0.0897323 0.0296183 0.343133 
0.287473 0.0345055 0.0413187 0.140879 0.0371429 0.0303297 0.0687912 0.0241758 0.335385 
0.312746 0.0418309 0.043364 0.118484 0.0359177 0.0280333 0.042488 0.0350416 0.342094 
0.321288 0.0407359 0.0372317 0.147613 0.0310994 0.021463 0.0247481 0.0236531 0.352168 
0.288723 0.0340061 0.030057 0.104871 0.107723 0.0232558 0.0215007 0.0265467 0.363317 
0.247818 0.0185428 0.0244328 0.0231239 0.176265 0.0839878 0.0383944 0.0314136 0.356021 
0.247359 0.0338908 0.0347711 0.0211268 0.0699824 0.12456 0.0479754 0.0365317 0.383803 
0.245379 0.0389525 0.0411532 0.0206866 0.0589789 0.102333 0.0545775 0.0321303 0.40581 
0.261079 0.0445371 0.0414656 0.017771 0.0625274 0.0949978 0.0412462 0.0278631 0.408513 
0.285088 0.0451754 0.0337719 0.0199561 0.0557018 0.0875 0.027193 0.0333333 0.412281 
0.308609 0.0448124 0.0348786 0.0192053 0.0596026 0.0635762 0.0238411 0.0278146 0.41766 
0.35651 0.0327724 0.0190434 0.0146147 0.0542516 0.0429584 0.0436227 0.0327724 0.403454 
0.378437 0.022261 0.0091663 0.0205151 0.0449585 0.0314273 0.0750764 0.0384112 0.379747 
0.426658 0.0144928 0.00702679 0.0136144 0.0289855 0.0180061 0.0836627 0.0311814 0.376372 
0.447473 0.0169231 0.00659341 0.00615385 0.0149451 0.0479121 0.0298901 0.0186813 0.411429 
0.474326 0.0143603 0.0104439 0.00478677 0.0130548 0.0526545 0.00913838 0.0143603 0.406876 
0.473845 0.0204882 0.00937228 0.0466434 0.0294246 0.0104621 0.0104621 0.0183086 0.380994 
0.453397 0.0372387 0.0400697 0.0838415 0.0178571 0.0100174 0.00740418 0.0139373 0.336237 
0.491518 0.0311005 0.0682906 0.062201 0.0221836 0.0108743 0.00565463 0.0163114 0.291866 
0.535854 0.0371578 0.0986528 0.0484572 0.00869187 0.00217297 0.00173837 0.00956106 0.257714 
0.546759 0.0306655 0.126577 0.0202262 0.00173989 0.00347977 0.0030448 0.0182688 0.249239 
0.556719 0.0628272 0.0955497 0.0017452 0.0021815 0.00414485 0.0047993 0.0198517 0.252182 
0.553894 0.120326 0.0567532 0.000879894 0 0.000439947 0.00395952 0.0142983 0.24945 
0.629371 0.0922203 0.00480769 0 0.00174825 0.000437063 0.00611888 0.0157343 0.249563 
0.693316 0.0283967 0.0078637 0 0.00174749 0 0.00873744 0.0192224 0.240716 
0.691331 0.0288967 0.0113835 0.00175131 0.00175131 0.00131349 0.0135727 0.0240806 0.225919 
0.708388 0.0185671 0.013543 0.000436872 0.00393185 0.00349498 0.012014 0.022062 0.217562 
0.720202 0.0241017 0.0120508 0.00131464 0.00219106 0.00219106 0.0100789 0.0131464 0.214724 
0.733333 0.0203947 0.00877193 0 0.00219298 0 0.00789474 0.0177632 0.209649 
0.73599 0.0242995 0.00963222 0.00131349 0.00175131 0.000437828 0.00875657 0.0168564 0.200963 
0.724891 0.028821 0.00873362 0.00174672 0.00305677 0.00305677 0.0113537 0.0179039 0.200437 
0.723246 0.0368421 0.00745614 0.00131579 0.00394737 0.000877193 0.0118421 0.0135965 0.200877 
0.735359 0.0330251 0.00792602 0.001321 0.001321 0 0.00528402 0.0110084 0.204756 
