0.0292969 0.00954861 0.00651042 0.0138889 0.0303819 0.0112847 0.0123698 0.015191 0.871528 
0.0267043 0.0154147 0.022145 0.0405992 0.102475 0.0212766 0.00325662 0.00607903 0.762049 
0.00521286 0.00781929 0.0308427 0.121633 0.189401 0.00564726 0.000434405 0 0.63901 
0.00434216 0.00781589 0.0575337 0.0373426 0.0158489 0.00130265 0.00130265 0.000868432 0.873643 
0.00868056 0.0108507 0.0121528 0.0195312 0.0234375 0.00260417 0.000868056 0.00260417 0.919271 
0.0151976 0.00759878 0.0112896 0.0112896 0.0186713 0.00347373 0.00521059 0.00325662 0.924012 
0.00999565 0.0130378 0.0478053 0.153412 0.055628 0.0169492 0.00999565 0.00391134 0.689266 
0.104906 0.0906702 0.064827 0.0814717 0.112571 0.0941743 0.0834428 0.109067 0.25887 
0.338957 0.118755 0.0615688 0.0801928 0.063979 0.028922 0.0232252 0.0293602 0.255039 
0.289267 0.0979494 0.0735166 0.0807155 0.0848604 0.04363 0.0383944 0.0381763 0.25349 
0.0606667 0.0644444 0.0793333 0.104444 0.0988889 0.0855556 0.123333 0.0984444 0.284889 
0.0177951 0.030816 0.0907118 0.0477431 0.0290799 0.030599 0.0815972 0.031901 0.639757 
0.0494107 0.0648232 0.0947416 0.0453309 0.0553037 0.102901 0.0942883 0.0485041 0.444696 
0.0710838 0.0691093 0.0807372 0.120448 0.101141 0.0851251 0.101141 0.0917069 0.279509 
0.102902 0.105321 0.158751 0.130827 0.119613 0.10686 0.0954266 0.0919085 0.0883905 
0.112506 0.102869 0.0885253 0.0950247 0.126401 0.127297 0.141416 0.114971 0.0909906 
0.101961 0.0479303 0.0342048 0.0396514 0.0982571 0.0949891 0.0732026 0.0836601 0.426144 
0.0484928 0.0655308 0.0670599 0.0637833 0.0585408 0.0720839 0.15924 0.0611621 0.404107 
0.0527583 0.0450963 0.0481611 0.040937 0.0965412 0.116681 0.08669 0.0577933 0.455342 
0.0565463 0.0704654 0.0548064 0.0987386 0.137669 0.0469769 0.0345803 0.0404524 0.459765 
0.00132217 0.00132217 0.00264434 0.0101366 0.533715 0.00793301 0.00308506 0.00352578 0.436316 
0.0776398 0.081189 0.0907276 0.0598935 0.115794 0.0814108 0.0982697 0.0783052 0.31677 
0.0825991 0.0751101 0.103304 0.0830396 0.105727 0.0940529 0.115419 0.0773128 0.263436 
0.0761109 0.00527937 0.0041795 0.0127585 0.0450946 0.190937 0.0510339 0.0783106 0.536296 
0.0134529 0.00448431 0.00695067 0.0961883 0.315022 0.0199552 0.00224215 0.00224215 0.539462 
0.0124611 0.00578549 0.00511794 0.0267023 0.367824 0.00578549 0.00400534 0.0035603 0.568758 
0.0150442 0.00353982 0.00287611 0.0181416 0.397566 0.00221239 0.000884956 0.00132743 0.558407 
0.0149846 0.0057294 0.00220361 0.0145439 0.425297 0.00793301 0.00264434 0.00396651 0.522697 
0.00131984 0 0.00923889 0.024637 0.472063 0.0074791 0.00219974 0.000879894 0.482182 
0.00525855 0.178133 0.214286 0.107143 0.0175285 0.00131464 0.00482033 0.00131464 0.470202 
0.141238 0.231473 0.0278989 0.048823 0.0405405 0.00697472 0.00392328 0.0021796 0.496949 
0.177729 0.0967249 0.0759825 0.0165939 0.0336245 0.0772926 0.0209607 0.0377729 0.463319 
0.0084108 0 0.00132802 0.000442674 0.00730412 0.0905268 0.362328 0.0573262 0.472333 
0.00980829 0.00624164 0.00802497 0.00980829 0.0196166 0.0588498 0.373161 0.0200624 0.494427 
0.098082 0.14211 0.070837 0.0401046 0.0429381 0.00523104 0.00479512 0.00959024 0.586312 
0.0163355 0.0604856 0.249227 0.0320088 0.0233996 0.0381898 0.0611479 0.0247241 0.494481 
0.0261894 0.0279354 0.273243 0.0912265 0.0371017 0.0266259 0.0340463 0.0401571 0.443474 
0.00984252 0.0266842 0.0726159 0.459755 0.062336 0.00306212 0.00174978 0.00174978 0.362205 
0.0061296 0.00175131 0.00175131 0.101795 0.49606 0.00591068 0 0.000875657 0.385727 
0.0106148 0.00530739 0.00176913 0.00353826 0.0148165 0.193277 0.392968 0.0300752 0.347634 
0.00839965 0.00331565 0.000442087 0.00353669 0.00486295 0.015473 0.48099 0.104111 0.378868 
0.00310973 0.000888494 0.000888494 0.000444247 0.00266548 0.012661 0.490004 0.0912928 0.398045 
0.00218723 0 0 0 0.0019685 0.026028 0.522091 0.0452756 0.40245 
0.00043554 0 0 0.00021777 0.00370209 0.159843 0.373911 0.0420296 0.419861 
0.111655 0.0887455 0.132562 0.0891904 0.0969751 0.0840747 0.157028 0.116548 0.123221 
0.283725 0.0561358 0.0552654 0.0308964 0.0417755 0.0204526 0.0474325 0.247607 0.21671 
0.443082 0.0595447 0.0313047 0.0437828 0.0481611 0.0288967 0.0247373 0.130035 0.190455 
0.514938 0.0553603 0.0265817 0.0391037 0.0612917 0.0210896 0.0250439 0.0593146 0.197276 
0.281894 0.150811 0.0330995 0.0712407 0.0876808 0.0515125 0.0624726 0.04121 0.220079 
0.099912 0.340009 0.0492958 0.110035 0.0743838 0.0382923 0.0506162 0.0261884 0.211268 
0.390351 0.165132 0.0269737 0.0644737 0.0223684 0.0217105 0.0282895 0.0850877 0.195614 
0.543687 0.0589777 0.0113587 0.0100481 0.0192224 0.0109218 0.0124509 0.124072 0.209262 
0.578194 0.0162996 0.0105727 0.00881057 0.022467 0.015859 0.0200441 0.143612 0.184141 
0.546943 0.0327511 0.00742358 0.0104803 0.0262009 0.010917 0.0203057 0.165939 0.179039 
0.627451 0.0671024 0.0104575 0.00479303 0.00610022 0.00522876 0.0117647 0.115904 0.151198 
0.532751 0.153057 0.0340611 0.00524017 0.00131004 0.00349345 0.0139738 0.112009 0.144105 
0.352402 0.127948 0.0718341 0.0122271 0.00960699 0.00305677 0.039083 0.0943231 0.28952 
0.120018 0.103448 0.0918048 0.108374 0.150022 0.131438 0.114644 0.119346 0.0609046 
0.00391475 0.00217486 0.0030448 0.015224 0.0569813 0.015224 0.00739452 0.0121792 0.883863 
0.0069535 0.00217297 0.00434594 0.00956106 0.153846 0.201217 0.0282486 0.0221643 0.571491 
0.0164931 0.000868056 0.00217014 0.00390625 0.00998264 0.00303819 0.0321181 0.0481771 0.883247 
0.016066 0.0026053 0.00130265 0.00303951 0.00911854 0.00607903 0.0412505 0.0429874 0.877551 
0.0078125 0.00260417 0.00130208 0.00390625 0.0117188 0.0323351 0.0876736 0.0141059 0.838542 
0.0213136 0.00391475 0.00869943 0.0104393 0.099826 0.192692 0.0489343 0.0165289 0.597651 
0.0264784 0.0286849 0.384819 0.0494263 0.0264784 0.00617829 0.0070609 0.0172109 0.453663 
0.0125883 0.661219 0.112853 0.00176678 0.000441696 0 0.00176678 0.00839223 0.200972 
0.00883392 0.121466 0.654152 0.00750883 0 0.000883392 0.00176678 0.00662544 0.198763 
0.00419982 0.0167993 0.723475 0.0411141 0.000884173 0.00265252 0.00618921 0.0066313 0.198055 
0.00352734 0.0163139 0.690476 0.0709877 0.0026455 0.00132275 0.00485009 0.00352734 0.206349 
0.000440917 0.0141093 0.466049 0.295855 0.00881834 0.0026455 0.00440917 0.000881834 0.20679 
0.00659921 0.0173779 0.360757 0.214474 0.0241971 0.00307963 0.00483942 0.00131984 0.367356 
0.141834 0.0979866 0.0659955 0.103356 0.135347 0.0961969 0.09217 0.10604 0.161074 
0.222707 0.0624454 0.0384279 0.0646288 0.182096 0.0650655 0.0441048 0.0707424 0.249782 
0.211504 0.0610619 0.0287611 0.0519911 0.186062 0.140929 0.0785398 0.0969027 0.144248 
0.203737 0.200178 0.0831851 0.0745107 0.141904 0.0625 0.0342527 0.0529359 0.146797 
0.165854 0.125942 0.0900222 0.0935698 0.158315 0.0886918 0.064745 0.0793792 0.133481 
0.316092 0.0828912 0.0453139 0.0548187 0.0696286 0.0636605 0.0729443 0.154067 0.140584 
0.117791 0.149734 0.126442 0.165484 0.106921 0.0550133 0.0552351 0.0769743 0.146406 
0.191451 0.0750223 0.0456367 0.0645592 0.144034 0.0685663 0.0454141 0.0656723 0.299644 
0.107856 0.0121528 0.016276 0.000434028 0.000868056 0.000868056 0.00130208 0.0112847 0.848958 
0.0781929 0.0310599 0.0091225 0.00608167 0.00260643 0.00521286 0.00434405 0.0223719 0.841008 
0.031684 0.0195312 0.0130208 0.00976562 0.0212674 0.0358073 0.00347222 0.0078125 0.857639 
0.0413223 0.0121792 0.0100043 0.015659 0.0543715 0.00913441 0.0126142 0.0226185 0.822097 
0.0437147 0.0169639 0.015659 0.015659 0.0347977 0.0187038 0.0150065 0.0121792 0.827316 
0.086509 0.0245291 0.0122646 0.0236531 0.0573806 0.0293474 0.0308804 0.0398598 0.695576 
0.0225694 0.212023 0.0190972 0.00694444 0.00173611 0 0 0.000217014 0.737413 
0.0443566 0.0171278 0.0228371 0.188186 0.0281072 0.00219587 0.000878349 0.00197628 0.694335 
0.0161502 0.0100393 0.0253165 0.213444 0.0122217 0.000436491 0 0 0.722392 
0.0381944 0.185764 0.0143229 0.00824653 0.00303819 0 0 0.000434028 0.75 
0.00478053 0.00803998 0.00912647 0.212951 0.0156454 0 0 0.000217297 0.749239 
0.132347 0.0811929 0.0809752 0.119068 0.114497 0.0829343 0.0831519 0.142142 0.163692 
0.00532151 0.00687361 0.0210643 0.107095 0.718847 0.0283814 0.00509978 0.00443459 0.102882 
0.00620292 0.00797519 0.0217102 0.148427 0.664599 0.0248117 0.0115197 0.0106336 0.104121 
0.00311665 0.00712378 0.0175868 0.245325 0.594613 0.0146928 0.00222618 0.00222618 0.11309 
0.00221729 0.00221729 0.0117517 0.228603 0.61929 0.00997783 0.00443459 0.00221729 0.11929 
0.012362 0.00507726 0.0337748 0.215673 0.530464 0.0554084 0.010596 0.00728477 0.12936 
0.0151982 0.0162996 0.0685022 0.348899 0.327092 0.0453744 0.0112335 0.0176211 0.14978 
0.0200352 0.0490973 0.424703 0.253853 0.0184941 0.00770586 0.0123294 0.0151915 0.198591 
0.149388 0.548775 0.0579615 0.0225284 0.0336833 0.0166229 0.0183727 0.0122485 0.14042 
0.524433 0.212042 0.0082897 0.00632635 0.0244328 0.0268325 0.0209424 0.0575916 0.11911 
0.524748 0.193824 0.0157687 0.00963644 0.0249671 0.0280333 0.0275953 0.0575996 0.117827 
0.365587 0.331436 0.0218914 0.0151051 0.0516637 0.0245184 0.0214536 0.0466287 0.121716 
0.330553 0.389816 0.0307287 0.0197542 0.0300702 0.0151449 0.0190957 0.0340211 0.130817 
0.304119 0.436897 0.0254163 0.0153374 0.0317704 0.0113935 0.0221297 0.0271691 0.125767 
0.242663 0.45795 0.0490583 0.0186159 0.0402979 0.021682 0.0188349 0.0155497 0.135348 
0.034141 0.176872 0.456388 0.0762115 0.04163 0.0198238 0.0207048 0.0204846 0.153744 
0.0115453 0.0155417 0.0319716 0.571048 0.154085 0.0293073 0.0279751 0.0173179 0.141208 
0.0180537 0.014531 0.0224571 0.158961 0.555262 0.0255394 0.015852 0.0184941 0.17085 
0.126069 0.0941018 0.096353 0.130122 0.125169 0.0954525 0.0968032 0.130572 0.105358 
0.00260417 0.00303819 0.00520833 0.0138889 0.211372 0.204427 0.00911458 0.00217014 0.548177 
0.00173611 0.00217014 0.00173611 0 0.00173611 0.00130208 0.00260417 0.00173611 0.986979 
0.0164931 0.00130208 0.00303819 0.00130208 0.0190972 0.328342 0.12066 0.0288628 0.480903 
0.000868056 0.000868056 0.000868056 0.00260417 0.151476 0.428819 0.00434028 0.00217014 0.407986 
0.00700525 0.0315236 0.472417 0.0711471 0.00875657 0.00831874 0.0061296 0.00591068 0.388792 
0.0211883 0.0270861 0.0382263 0.288554 0.147226 0.0480559 0.0332023 0.0360419 0.360419 
0.00130208 0.000434028 0.000868056 0.00217014 0.00347222 0.00434028 0.00737847 0.00130208 0.978733 
0.0744542 0.0779476 0.091048 0.104148 0.0827511 0.0759825 0.0893013 0.0829694 0.321397 
0.00395604 0.0153846 0.555604 0.135385 0.00571429 0.0043956 0.00175824 0.00483516 0.272967 
0.00130208 0.00130208 0.00303819 0.00303819 0.00130208 0.00390625 0.00564236 0.00390625 0.976562 
0.0178336 0.0235579 0.0992955 0.490753 0.0325848 0.0246587 0.0206957 0.0180537 0.272567 
0.000875657 0.00328371 0.0472855 0.566769 0.0223292 0.00437828 0.00131349 0.00218914 0.351576 
0.00217108 0.00130265 0.00347373 0.00130265 0.00173686 0.0026053 0.00347373 0.00173686 0.982197 
0.000434028 0 0.00434028 0.0173611 0.287326 0.358073 0.0186632 0.00173611 0.312066 
0.307943 0.0713976 0.00217014 0.000434028 0 0.000868056 0.0062934 0.127387 0.483507 
0.590435 0.0117391 0.0147826 0.0186957 0.015 0.00782609 0.0128261 0.0247826 0.303913 
0.0672232 0.0661248 0.0685413 0.0696397 0.0727153 0.0654657 0.0845782 0.0711775 0.434534 
0.0390625 0.0282118 0.00737847 0.00260417 0.00260417 0.00347222 0.00868056 0.0217014 0.886285 
0.0763889 0.0711806 0.0596788 0.0451389 0.0605469 0.0377604 0.0434028 0.0633681 0.542535 
0.0641195 0.194115 0.119016 0.0671937 0.0245938 0.0166886 0.0241546 0.0434783 0.44664 
0.0962637 0.14 0.184615 0.0316484 0.010989 0.00527473 0.00483516 0.0367033 0.48967 
0.0783159 0.0545375 0.0911867 0.0898778 0.0484293 0.021815 0.0373037 0.0715532 0.506981 
0.0659389 0.0368996 0.15393 0.0831878 0.0438865 0.0312227 0.0257642 0.0303493 0.528821 
0.0830435 0.0445652 0.046087 0.0521739 0.09 0.0543478 0.0391304 0.0532609 0.537391 
0.0458696 0.058913 0.0278261 0.0263043 0.0282609 0.0906522 0.0863043 0.0963043 0.539565 
0.0472441 0.0761155 0.0680228 0.109799 0.0592738 0.0459318 0.0345582 0.0349956 0.524059 
0.0437337 0.10248 0.0972585 0.209748 0.0213229 0.00870322 0.0130548 0.0241514 0.479547 
0.0591327 0.104249 0.106877 0.0687692 0.0516864 0.042926 0.0805957 0.0709593 0.414805 
0.0227074 0.0430131 0.0810044 0.0246725 0.0196507 0.010917 0.0338428 0.0222707 0.741921 
0.0374507 0.0692072 0.104906 0.0481822 0.0262812 0.0258432 0.0346036 0.0350416 0.618484 
0.0241471 0.0412051 0.0861763 0.215773 0.0106336 0.0026584 0.013735 0.00930439 0.596367 
0.0125923 0.00694746 0.0108554 0.00738168 0.0104212 0.0247503 0.0403821 0.0151976 0.871472 
0.0362351 0.0335837 0.0616438 0.0437472 0.0377817 0.0587715 0.0702607 0.0534688 0.604507 
0.015224 0.0173989 0.0654632 0.0230535 0.0128317 0.031318 0.0443671 0.0404524 0.749891 
0.0396169 0.0367871 0.0648672 0.0581193 0.0452764 0.0439704 0.0282978 0.0165433 0.666522 
0.0413043 0.013913 0.023913 0.0356522 0.0630435 0.0108696 0.0147826 0.0152174 0.781304 
0.0241619 0.0365694 0.0522421 0.120592 0.0848933 0.0156726 0.0189377 0.0165433 0.630387 
0.0645303 0.0298507 0.0276558 0.0561896 0.0509219 0.0158033 0.023705 0.0390694 0.692274 
0.0920139 0.0640191 0.0516493 0.0746528 0.128906 0.0692274 0.0533854 0.0499132 0.416233 
0.177468 0.435407 0.0417573 0.014789 0.00478469 0.00391475 0.00391475 0.0239234 0.294041 
0.0251434 0.0235995 0.0251434 0.0260256 0.04367 0.247905 0.270401 0.0478606 0.290251 
0.248037 0.0178883 0.0122164 0.0163613 0.039267 0.0774433 0.0979494 0.151396 0.339442 
0.116827 0.0614647 0.0305144 0.0265911 0.0610288 0.105057 0.108108 0.12816 0.362249 
0.0709593 0.0799387 0.0913272 0.087385 0.102278 0.0836618 0.0884801 0.087166 0.308804 
0.134152 0.310609 0.0683911 0.0732135 0.0576502 0.0241122 0.0186322 0.0326611 0.280579 
0.121078 0.0925762 0.0821918 0.0799823 0.085285 0.0779938 0.0799823 0.0897039 0.291206 
0.0109505 0.0317565 0.207184 0.065046 0.0100745 0.00525624 0.00175208 0.00613228 0.661848 
0.0558476 0.0845379 0.0674551 0.0558476 0.0582567 0.0422689 0.044021 0.0464301 0.545335 
0.00390625 0.00390625 0.0078125 0.00217014 0.000868056 0.00217014 0.00217014 0.00737847 0.969618 
0.0389326 0.0446194 0.208661 0.0367454 0.0389326 0.0297463 0.0341207 0.0349956 0.533246 
0.0743802 0.34776 0.00739452 0.0030448 0.00130492 0.000434972 0.00173989 0.00587212 0.558069 
0.033348 0.286749 0.0631856 0.0377358 0.0127249 0.0114085 0.0140412 0.0256692 0.515138 
0.359809 0.030816 0.00520833 0.00303819 0.000434028 0.000868056 0.00607639 0.0217014 0.572049 
0.353018 0.0336833 0.0227472 0.0144357 0.0153106 0.0131234 0.0201225 0.0358705 0.491689 
0.0733032 0.0660634 0.0579186 0.0728507 0.0764706 0.0753394 0.0723982 0.0554299 0.450226 
0.0200348 0.0226481 0.037892 0.0341899 0.0335366 0.0675087 0.0853659 0.0241725 0.674652 
0.19413 0.0347826 0.0143478 0.0104348 0.00913044 0.00826087 0.011087 0.036087 0.681739 
0.0415385 0.0338462 0.0369231 0.0228571 0.0318681 0.0351648 0.0764835 0.0523077 0.669011 
0.0191471 0.0126197 0.0154482 0.0263272 0.108138 0.041993 0.0208877 0.01349 0.741949 
0.0305543 0.0202968 0.0168049 0.0192056 0.0617634 0.0351375 0.0170231 0.0274989 0.771715 
0.0356362 0.0253607 0.0220813 0.0389156 0.0448185 0.0201137 0.016397 0.0170529 0.779624 
0.027245 0.0235397 0.0289887 0.0440279 0.0311683 0.0159111 0.0228858 0.0298605 0.776373 
0.0189542 0.0206972 0.0433551 0.0350763 0.0165577 0.0104575 0.0152505 0.0122004 0.827451 
0.00784656 0.00741064 0.0200523 0.0156931 0.0283348 0.0300785 0.0178727 0.0117698 0.860942 
0.00737847 0.00390625 0.00260417 0.00347222 0.0273438 0.0134549 0.0125868 0.00737847 0.921875 
0.0117647 0.00566449 0.011329 0.011329 0.0331155 0.0130719 0.0122004 0.00522876 0.896296 
0.0175934 0.0264987 0.0425717 0.0147698 0.0221546 0.0143354 0.0102085 0.0117289 0.840139 
0.030581 0.0249017 0.0253386 0.0214067 0.0554827 0.0310179 0.0231542 0.0174749 0.770642 
0.00260417 0.0078125 0.00607639 0.0182292 0.062066 0.0390625 0.00434028 0.000868056 0.858941 
0.00434028 0.00954861 0.00477431 0.00542535 0.0243056 0.0266927 0.0104167 0.00390625 0.91059 
0.00303819 0.00434028 0.00390625 0.00564236 0.0186632 0.0377604 0.0143229 0.00303819 0.909288 
0.0829353 0.070343 0.0666522 0.0555797 0.0692575 0.064264 0.0781589 0.0950934 0.417716 
0.016276 0.461589 0.0536024 0.00651042 0.00217014 0 0.00520833 0.00368924 0.450955 
0 0.00217865 0.175817 0.444009 0.00196078 0.00217865 0.00479303 0.00087146 0.368192 
0 0.00283101 0.405052 0.234103 0.0043554 0.00087108 0.00043554 0 0.352352 
0.00043592 0.00414124 0.27245 0.364211 0.00479512 0.00305144 0.00174368 0.00174368 0.347428 
0.00304348 0.00413043 0.578261 0.0493478 0.00434783 0.00478261 0.00521739 0.00391304 0.346957 
0.0173611 0.475477 0.0238715 0.00130208 0.000434028 0.00130208 0 0.00412326 0.476128 
0.607422 0.046224 0.000868056 0 0.000868056 0.000434028 0.00282118 0.0128038 0.328559 
0.426215 0.0364583 0.00868056 0.00260417 0.00217014 0.000868056 0.00217014 0.0434028 0.477431 
0.0633681 0.046658 0.0186632 0.0245226 0.00607639 0.00651042 0.00911458 0.0121528 0.812934 
0.0394965 0.0277778 0.128472 0.0421007 0.0360243 0.00303819 0.00520833 0.00390625 0.713976 
0.0734451 0.109396 0.0999118 0.0895457 0.0802823 0.113807 0.109396 0.0851345 0.239082 
0.141009 0.161623 0.0405702 0.0339912 0.0653509 0.0484649 0.0285088 0.0300439 0.450439 
0.179303 0.0514161 0.0169935 0.0196078 0.0775599 0.0601307 0.0315904 0.0431373 0.520261 
0.172775 0.0497382 0.0148342 0.0143979 0.074171 0.0458115 0.026178 0.0314136 0.570681 
0.11766 0.0913672 0.0223488 0.0282647 0.063979 0.037248 0.0120508 0.0201578 0.606924 
0.105263 0.075 0.020614 0.0201754 0.0649123 0.0649123 0.0214912 0.0219298 0.605702 
0.135371 0.0810044 0.0240175 0.0292576 0.0716157 0.0480349 0.0200873 0.0272926 0.563319 
0.0953947 0.0986842 0.117544 0.0824561 0.0984649 0.122368 0.0767544 0.0583333 0.25 
0.089698 0.0910302 0.0934725 0.106572 0.113011 0.108348 0.106572 0.0923623 0.198934 
0.0958515 0.13952 0.142358 0.108734 0.0956332 0.0860262 0.0775109 0.0722707 0.182096 
0.00219491 0.0122915 0.329236 0.437665 0.0386304 0.0179982 0.000438982 0.00175593 0.159789 
0.0689807 0.0391037 0.0281195 0.0366872 0.043717 0.29877 0.262083 0.0525044 0.170035 
0.169655 0.0671185 0.0376038 0.0196764 0.0236117 0.0642763 0.0529077 0.381067 0.184084 
0.112719 0.121711 0.114474 0.102193 0.0986842 0.114254 0.0837719 0.0947368 0.157456 
0.0562582 0.0292194 0.0453554 0.0250763 0.0270388 0.0630179 0.359355 0.156127 0.238552 
0.00260643 0.0256299 0.0108601 0.00086881 0.00260643 0.0221546 0.0108601 0.00130321 0.92311 
0.107662 0.139146 0.0968736 0.0741964 0.0981946 0.109203 0.112946 0.0803611 0.181418 
0.0262352 0.0109314 0.0122431 0.0122431 0.0332313 0.187145 0.255356 0.135111 0.327503 
0.0958333 0.0197368 0.0247807 0.029386 0.0339912 0.0267544 0.137939 0.333333 0.298246 
0.265235 0.0298115 0.0269619 0.0471285 0.0789128 0.0550197 0.0335379 0.176238 0.287155 
0.407012 0.0627178 0.0243902 0.0296167 0.0627178 0.0409408 0.0315767 0.0544425 0.286585 
0.489769 0.120592 0.0178494 0.00827166 0.0148019 0.0139312 0.0100131 0.0304745 0.294297 
0.312064 0.0204704 0.00609756 0.00696864 0.0287456 0.0261324 0.0611934 0.212979 0.325348 
0.039686 0.0311819 0.0226777 0.0252944 0.0407763 0.115351 0.294592 0.152638 0.277802 
0.026028 0.015748 0.0139983 0.0279965 0.200787 0.327647 0.0575241 0.0349956 0.295276 
0.0376862 0.0337423 0.0471078 0.186897 0.333699 0.0381245 0.0201578 0.033085 0.2695 
0.0242252 0.080096 0.388258 0.180052 0.0366652 0.0202968 0.0104758 0.0150589 0.244871 
0.0381746 0.361343 0.179465 0.0682317 0.0403686 0.0307152 0.0215007 0.0175516 0.24265 
0.199735 0.392857 0.0582011 0.0352734 0.0207231 0.00617284 0.00661376 0.0141093 0.266314 
0.272767 0.0328371 0.0197023 0.0267075 0.0297723 0.0394046 0.058669 0.278021 0.242119 
0.0841736 0.0427444 0.0464708 0.0405524 0.0469093 0.044498 0.0762823 0.350504 0.267865 
0.0430884 0.0277778 0.0271216 0.0205599 0.0192476 0.0610236 0.283683 0.250656 0.266842 
0.0200523 0.0148213 0.0143854 0.0200523 0.0137315 0.102223 0.328901 0.196818 0.289015 
0.0723312 0.00392157 0.00087146 0.00130719 0.0139434 0.132462 0.213508 0.239651 0.322004 
0.100087 0.0488493 0.00303951 0.00911854 0.219713 0.131785 0.0640469 0.0486322 0.374729 
0.399826 0.0295524 0.00434594 0.00564972 0.100608 0.0295524 0.0189048 0.0830074 0.328553 
0.363636 0.0289855 0.0122969 0.0144928 0.0237154 0.114185 0.027668 0.105402 0.309618 
0.325566 0.123693 0.0243902 0.0152439 0.0753484 0.043554 0.00805749 0.0239547 0.360192 
0.0546053 0.185965 0.216447 0.120175 0.0162281 0.0166667 0.0149123 0.0192982 0.355702 
0.0739283 0.336833 0.079615 0.103237 0.0227472 0.0174978 0.00831146 0.0109361 0.346894 
0.0798778 0.33828 0.0776953 0.09079 0.0274989 0.0126582 0.00392842 0.00742034 0.361851 
0.0369641 0.143701 0.250875 0.0901137 0.044182 0.0148731 0.0096238 0.0124672 0.3972 
0.0791905 0.177739 0.219754 0.0756709 0.0310163 0.00791905 0.008359 0.0131984 0.387154 
0.307021 0.0392499 0.00697776 0.00697776 0.0588748 0.0309638 0.0270388 0.130833 0.392063 
0.156782 0.0130833 0.0130833 0.0106847 0.0204972 0.0490624 0.104884 0.202355 0.429568 
0.142826 0.0166229 0.0109361 0.00918635 0.0190289 0.0330271 0.110236 0.19182 0.466317 
0.167107 0.0279613 0.0136504 0.0110084 0.0160722 0.0409511 0.0532805 0.199251 0.470718 
0.166009 0.0153509 0.00855263 0.0100877 0.0929825 0.0618421 0.0311404 0.0307018 0.583333 
0.209445 0.0153039 0.00393529 0.00349803 0.0452558 0.0478793 0.0260166 0.0793616 0.569305 
0.172549 0.0198257 0.00522876 0.00348584 0.00697168 0.072549 0.0348584 0.154248 0.530283 
0.0682616 0.0807726 0.0221686 0.00987708 0.0311677 0.059482 0.0733099 0.0913082 0.563652 
0.0243796 0.0230736 0.0137135 0.0474532 0.149978 0.131258 0.0409229 0.0102307 0.55899 
0.0554585 0.0462882 0.0113537 0.019869 0.113537 0.142576 0.0222707 0.0222707 0.566376 
0.0461271 0.0348129 0.0152306 0.0169713 0.145779 0.137511 0.02698 0.0221932 0.554395 
0.0538126 0.0422658 0.024183 0.0400871 0.220915 0.0664488 0.016122 0.0281046 0.508061 
0.0895263 0.0425902 0.0254237 0.0473707 0.222077 0.0378096 0.0171664 0.029987 0.488049 
0.110483 0.0404524 0.0230535 0.0452371 0.216181 0.0395824 0.0239234 0.046542 0.454545 
0.112516 0.0497165 0.0388138 0.0689054 0.238116 0.051461 0.0327082 0.0575665 0.350196 
0.0641026 0.055628 0.0449804 0.112994 0.330291 0.067362 0.0265102 0.0538896 0.244242 
0.00657606 0.0157826 0.0330995 0.0854888 0.229066 0.28847 0.0749671 0.00876808 0.257782 
0.010879 0.0282855 0.0165361 0.0147955 0.0909486 0.372933 0.150131 0.0156658 0.299826 
0.0474325 0.0474325 0.0169713 0.0169713 0.109878 0.43255 0.0193647 0.01349 0.295909 
0.051007 0.0389667 0.0216725 0.025394 0.280648 0.245622 0.0192644 0.030648 0.286778 
0.0275832 0.0245184 0.017951 0.0284588 0.218039 0.365587 0.028021 0.0091944 0.280648 
0.0396341 0.0139373 0.00849303 0.0128484 0.0479094 0.194469 0.328179 0.0705575 0.283972 
0.306529 0.0368098 0.0118317 0.0201578 0.0148992 0.0219106 0.0523663 0.273006 0.262489 
0.264408 0.203916 0.0488341 0.0244171 0.0461945 0.0521337 0.0189177 0.0710515 0.270128 
0.117167 0.265004 0.0981906 0.0335393 0.0397176 0.0414828 0.0353045 0.0311121 0.338482 
0.127019 0.199694 0.0427761 0.0331733 0.0667831 0.0419031 0.0270624 0.0325186 0.42907 
0.196078 0.0498911 0.0156863 0.0169935 0.0745098 0.0657952 0.022658 0.0416122 0.516776 
0.164701 0.0535168 0.0174749 0.017038 0.078637 0.0668414 0.030581 0.0321101 0.5391 
0.140035 0.0939421 0.0215101 0.0166813 0.071993 0.0570676 0.0197542 0.0193152 0.559702 
0.105748 0.0936814 0.0175516 0.0184291 0.0662571 0.0671347 0.0267661 0.0296183 0.574813 
0.174923 0.100175 0.0197282 0.0210434 0.0670758 0.0477861 0.018413 0.0225778 0.528277 
0.167692 0.0505495 0.0241758 0.0316484 0.0773626 0.0345055 0.0173626 0.0459341 0.550769 
0.103645 0.0439174 0.0144928 0.017567 0.0904699 0.0476504 0.0241546 0.0287659 0.629337 
0.0416849 0.0741553 0.0416849 0.0188679 0.016674 0.0210619 0.0157964 0.01448 0.755595 
0.0217865 0.035512 0.0862745 0.0429194 0.0135076 0.0126362 0.0309368 0.0248366 0.73159 
0.0365376 0.0395824 0.0587212 0.123967 0.0395824 0.0195737 0.0321879 0.046542 0.603306 
0.0319843 0.0511314 0.104221 0.104003 0.0526545 0.0437337 0.0343777 0.0195822 0.558312 
0.106392 0.0779335 0.0450963 0.025613 0.0236427 0.0288967 0.058669 0.114492 0.519264 
0.0895588 0.0401922 0.0209699 0.0190039 0.0183486 0.0183486 0.0624727 0.183268 0.547837 
0.0423211 0.0187609 0.0061082 0.0104712 0.0152705 0.0403578 0.11082 0.170812 0.585079 
0.017951 0.0118214 0.0188266 0.0227671 0.0345884 0.105079 0.111208 0.0669877 0.610771 
0.0235499 0.0218055 0.023986 0.0305277 0.0959442 0.0540776 0.0976886 0.0344527 0.617968 
0.0143979 0.0309773 0.0355585 0.0440663 0.11322 0.0589005 0.0990401 0.0423211 0.561518 
0.0302569 0.0317806 0.0485416 0.149978 0.0807575 0.0494123 0.0402699 0.0278624 0.541141 
0.0330866 0.0513714 0.189813 0.140183 0.0396169 0.0306922 0.0200261 0.0141489 0.481062 
0.0934906 0.152031 0.0550459 0.0332023 0.0393185 0.0310179 0.0257754 0.041066 0.529052 
0.181182 0.0787746 0.0153173 0.0164114 0.0245077 0.0118162 0.0166302 0.0431072 0.612254 
0.116391 0.0627725 0.0191805 0.0231037 0.0418483 0.0257193 0.010898 0.0366173 0.66347 
0.061495 0.0897436 0.041721 0.0156454 0.0289005 0.0512821 0.0204259 0.017601 0.673186 
0.0283471 0.111644 0.111208 0.0231138 0.0333624 0.0281291 0.0329263 0.0180986 0.613171 
0.0273883 0.0959684 0.20837 0.0319895 0.0236635 0.0442594 0.0376862 0.0311131 0.499562 
0.0499121 0.167766 0.28628 0.0351803 0.0274846 0.0294635 0.0241865 0.01781 0.361917 
0.097314 0.166226 0.158961 0.0537208 0.0259797 0.0167327 0.0264201 0.0490973 0.405548 
0.0252139 0.0553805 0.152184 0.155561 0.123818 0.0506529 0.0310671 0.0225124 0.383611 
0.043058 0.0239455 0.0913884 0.109622 0.0797452 0.026362 0.0441564 0.0553603 0.526362 
0.0608049 0.0634296 0.096238 0.0997375 0.10608 0.0647419 0.0693351 0.0476815 0.391951 
0.0850459 0.0634018 0.0483166 0.0555313 0.0435068 0.082641 0.13052 0.0634018 0.427634 
0.0557491 0.033101 0.0503049 0.0564024 0.0283101 0.0165505 0.0368031 0.0507404 0.672038 
0.0351715 0.016066 0.0130265 0.0273556 0.0273556 0.0173687 0.00781589 0.0347373 0.821103 
0.0452962 0.013284 0.00522648 0.0119774 0.0185105 0.00783972 0.00544425 0.0287456 0.863676 
0.022145 0.0121581 0.00738168 0.00868433 0.0182371 0.0108554 0.00607903 0.0186713 0.895788 
0.0247611 0.0230235 0.0165074 0.00434405 0.00434405 0.00521286 0.0086881 0.0134666 0.899652 
0.0169418 0.0351868 0.03649 0.0104257 0.0143354 0.0108601 0.0169418 0.00695048 0.851868 
0.0156658 0.0287206 0.0139252 0.0152306 0.0200174 0.0195822 0.0200174 0.0130548 0.853786 
0.0249344 0.0428696 0.032371 0.0148731 0.0164042 0.0463692 0.0251531 0.0135608 0.783465 
0.00520833 0.0078125 0.0121528 0.00998264 0.031033 0.0952691 0.0488281 0.0292969 0.760417 
0.0132378 0.0134549 0.0134549 0.00846354 0.0193142 0.0486111 0.0460069 0.0275608 0.809896 
0.00737847 0.00737847 0.0062934 0.00651042 0.0227865 0.110677 0.0577257 0.0399306 0.741319 
0.0104167 0.00260417 0.000434028 0.00824653 0.0203993 0.0898438 0.0763889 0.0177951 0.773872 
0.0507183 0.0437527 0.0609491 0.0500653 0.0526774 0.033522 0.0454941 0.0563779 0.606443 
0.0247396 0.00954861 0.015191 0.0295139 0.030816 0.0203993 0.0646701 0.0347222 0.770399 
0.0190972 0.00434028 0.0106337 0.030816 0.0332031 0.046875 0.0455729 0.0295139 0.779948 
0.0384615 0.0269448 0.0262929 0.0432421 0.0225989 0.0232508 0.0404172 0.0378096 0.740982 
0.00956106 0.00912647 0.01608 0.0469361 0.0280313 0.039548 0.0532377 0.025641 0.771838 
0.016094 0.0117442 0.0165289 0.0589387 0.0382775 0.0263158 0.0474119 0.0295781 0.755111 
0.0104212 0.0117238 0.0167173 0.0477638 0.0345202 0.0230135 0.0334347 0.0286583 0.793747 
0.0117596 0.00979965 0.0259146 0.0481272 0.0376742 0.0222125 0.0226481 0.0339721 0.787892 
0.0173837 0.011734 0.0317253 0.0365059 0.0252064 0.0152108 0.0334637 0.0530204 0.77575 
0.0438558 0.0134607 0.0208424 0.0227964 0.0178029 0.0106383 0.0286583 0.0438558 0.798089 
0.0178106 0.00390964 0.0130321 0.0317116 0.0256299 0.0178106 0.0251955 0.0169418 0.847958 
0.108554 0.0225792 0.0143291 0.0178029 0.0204082 0.0169344 0.016066 0.0434216 0.739904 
0.0377729 0.0336245 0.0484716 0.0471616 0.0222707 0.0227074 0.0373362 0.0266376 0.724017 
0.0243372 0.011734 0.0130378 0.0369405 0.025641 0.0186875 0.0308561 0.0460669 0.792699 
0.0212951 0.011734 0.0269448 0.0573664 0.025641 0.00956106 0.00999565 0.0334637 0.803998 
0.00303951 0.00607903 0.0473296 0.058185 0.0117238 0.0026053 0.00390795 0.00347373 0.863656 
0.00478053 0.00738809 0.0530204 0.121686 0.0126032 0.00651891 0.011734 0.00608431 0.776184 
0.00368924 0.00911458 0.0583767 0.110677 0.015191 0.00347222 0.00868056 0.00607639 0.784722 
0.0108507 0.0197483 0.0685764 0.125217 0.0195312 0.0104167 0.0177951 0.015625 0.71224 
0.0876736 0.0657552 0.0512153 0.0117188 0.0078125 0.00911458 0.016059 0.0223524 0.728299 
0.018413 0.0201666 0.0438404 0.0291539 0.0190706 0.0177554 0.0405524 0.020605 0.790443 
0.000434028 0 0 0.00130208 0 0 0 0.000434028 0.99783 
0.000434028 0.000434028 0 0 0 0 0 0 0.999132 
0 0 0 0 0 0 0 0 1 
0 0 0 0 0 0 0.000434028 0 0.999566 
0 0.000434028 0 0.000868056 0.00217014 0 0.000434028 0 0.996094 
0.000868056 0 0.000868056 0.000434028 0.000868056 0.000434028 0 0 0.996528 
0.00303819 0.00217014 0.00217014 0 0.00260417 0.000868056 0.000868056 0.00130208 0.986979 
0.01608 0.00347675 0.000434594 0 0.000869187 0.00130378 0.000434594 0.00173837 0.975663 
0.0173687 0.00347373 0.000868432 0.000434216 0.000868432 0.00173686 0 0.00217108 0.973079 
0.026053 0.00130265 0.00130265 0.000434216 0.00217108 0.000868432 0 0.00347373 0.964394 
0.0256299 0.00173762 0.00086881 0.00217202 0.00347524 0.00260643 0.00217202 0.0086881 0.95265 
0.0180513 0.00217486 0.000869943 0.00260983 0.00391475 0.00173989 0.0015224 0.0239234 0.945194 
0.00825011 0.0054277 0.000868432 0.00347373 0.00477638 0.00303951 0.00217108 0.0405992 0.931394 
0.00521286 0.00564726 0.00130321 0.00260643 0.00347524 0.00390964 0.00260643 0.0512598 0.923979 
0.00651607 0.00347524 0.00217202 0.00260643 0.00304083 0.00260643 0.00260643 0.0538662 0.92311 
0.0108743 0.00717703 0.0060896 0.00434972 0.00739452 0.00956938 0.0326229 0.0150065 0.906916 
0.00738168 0.00564481 0.00629614 0.0112896 0.014112 0.0303951 0.0130265 0.00607903 0.905775 
0.00260417 0.00130208 0.00477431 0.00889757 0.0173611 0.0436198 0.00260417 0.00303819 0.915799 
0.00086881 0 0.00217202 0.00608167 0.0616855 0.00390964 0.00217202 0.00086881 0.922242 
0.00303819 0.00477431 0.00998264 0.0399306 0.00390625 0.00694444 0.00477431 0.000868056 0.925781 
0.00607639 0.0128038 0.0394965 0.0062934 0.00607639 0.0078125 0.00390625 0.000868056 0.916667 
0.0108554 0.0777247 0.00130265 0.00130265 0.00173686 0.000434216 0.000434216 0.00173686 0.904472 
0.0794271 0.0177951 0.000868056 0 0 0 0 0.00130208 0.900608 
0.094184 0.0078125 0.000434028 0 0 0 0 0.00173611 0.895833 
0.101562 0.00607639 0.00130208 0 0 0 0 0.00130208 0.889757 
0.105903 0.00564236 0.00130208 0 0 0 0.000868056 0.00260417 0.883681 
0.102431 0.00303819 0.00130208 0 0.000434028 0 0.000434028 0.00477431 0.887587 
0.110243 0.00130208 0.000868056 0.000434028 0 0 0.000434028 0.0078125 0.878906 
0.0555556 0.00303819 0.00130208 0 0.000868056 0.000868056 0.00217014 0.0529514 0.883247 
0.0108507 0.00390625 0.00260417 0.00217014 0.00173611 0.00303819 0.00694444 0.0763889 0.892361 
0.00954861 0.00477431 0.00260417 0.00347222 0.00303819 0.00130208 0.00998264 0.0763889 0.888889 
0.0112847 0.00607639 0.00173611 0.000434028 0.00303819 0.00303819 0.0247396 0.0603299 0.889323 
0.0130208 0.00824653 0.00564236 0.00390625 0.00564236 0.00477431 0.0403646 0.0390625 0.87934 
0.00651324 0.00434216 0.0121581 0.0273556 0.0460269 0.00825011 0.00825011 0.00825011 0.878854 
0.000868056 0 0.00260417 0.0125868 0.0763889 0.00520833 0.00173611 0.00130208 0.899306 
0.000868056 0.00260417 0.00477431 0.0167101 0.0559896 0.0184462 0.00347222 0.00217014 0.894965 
0.000868056 0.000434028 0.00217014 0.0338542 0.0664062 0.00347222 0.00303819 0 0.889757 
0.00434028 0.00802951 0.0143229 0.0214844 0.03125 0.00694444 0.00564236 0.00303819 0.904948 
0.00585938 0.015191 0.0145399 0.0273438 0.0138889 0.00477431 0.00868056 0.00564236 0.90408 
0.00347222 0.00130208 0.000868056 0.000434028 0.00390625 0.0173611 0.0399306 0.0190972 0.913628 
0.00130208 0.000434028 0 0 0.000868056 0.00347222 0.0425347 0.0260417 0.925347 
0.000868056 0 0.000434028 0.000434028 0 0.00260417 0.0516493 0.0225694 0.921441 
0.00434216 0.00499349 0.00607903 0.00933565 0.00390795 0.00825011 0.0325662 0.00868433 0.921841 
0.00173686 0.00217108 0.00173686 0.00607903 0.00651324 0.0186713 0.0212766 0.00303951 0.938776 
0.00434216 0.00347373 0.00477638 0.0102041 0.0138949 0.0119409 0.00998697 0.00521059 0.93617 
0.000434028 0.00303819 0.00585938 0.00607639 0.0106337 0.0143229 0.0104167 0.00130208 0.947917 
0.00347373 0.00217108 0.00347373 0.00825011 0.00911854 0.00738168 0.0117238 0.00303951 0.951368 
0.0069869 0.00174672 0.00960699 0.00524017 0.00829694 0.00436681 0.00655022 0.00436681 0.952838 
0.0147569 0.0256076 0.00520833 0.00303819 0.00303819 0.00477431 0.00303819 0.00130208 0.939236 
0.0355903 0.00911458 0.00520833 0.00303819 0.00477431 0.00434028 0.0104167 0.0282118 0.899306 
0.00889757 0.00607639 0.00846354 0.00390625 0.00716146 0.0260417 0.031901 0.00564236 0.90191 
0.0434028 0.00477431 0.00434028 0.00217014 0.00651042 0.00217014 0.00564236 0.00868056 0.922309 
0.00737847 0.00564236 0.00303819 0.0062934 0.0434028 0.00759549 0.000868056 0.00260417 0.923177 
0.000434028 0.00217014 0.00651042 0.0529514 0.00651042 0.00130208 0.000868056 0.000434028 0.928819 
0 0 0.000434028 0.00303819 0.0729167 0.000434028 0.000434028 0 0.922743 
0 0.000868056 0.00195312 0.00694444 0.0748698 0.00217014 0.000868056 0 0.912326 
0 0.00130208 0.00564236 0.0377604 0.0494792 0.00217014 0 0 0.903646 
0.0169271 0.0279948 0.0416667 0.0336372 0.0269097 0.0199653 0.0321181 0.0208333 0.779948 
0.00434972 0.00413223 0.0213136 0.0463245 0.0165289 0.00434972 0.0060896 0.00521966 0.891692 
0.0126032 0.0195567 0.029987 0.0260756 0.00869187 0.00130378 0.00260756 0.00608431 0.89309 
0.0260643 0.0156386 0.0275847 0.0304083 0.0267159 0.0191138 0.0291051 0.0334492 0.79192 
0.0100131 0.0130605 0.0365694 0.0513714 0.042229 0.0317806 0.0230736 0.0126252 0.779277 
0.0214844 0.0190972 0.0542535 0.0564236 0.0358073 0.0199653 0.030816 0.0230035 0.739149 
0.0217014 0.0169271 0.0525174 0.0455729 0.0112847 0.0117188 0.0290799 0.0277778 0.78342 
0.0234375 0.0290799 0.047526 0.0490451 0.0188802 0.0134549 0.0277778 0.0173611 0.773438 
0.0226087 0.0426087 0.0552174 0.043913 0.0217391 0.0186957 0.0117391 0.00782609 0.775652 
0.0247396 0.0325521 0.0425347 0.0553385 0.0264757 0.0177951 0.0238715 0.0253906 0.751302 
0.0403997 0.0390964 0.0390964 0.0399652 0.0173762 0.0143354 0.0260643 0.0417029 0.741964 
0.046224 0.0394965 0.0351562 0.03125 0.0230035 0.0138889 0.0371094 0.0434028 0.730469 
0.0404348 0.0247826 0.0317391 0.0295652 0.0308696 0.018913 0.07 0.0567391 0.696957 
0.0287456 0.0204704 0.0139373 0.0100174 0.0156794 0.0333188 0.174216 0.0607578 0.642857 
0.0174672 0.00480349 0.0100437 0.0135371 0.0299127 0.0611354 0.201528 0.020524 0.641048 
0.0122646 0.0122646 0.00613228 0.0144547 0.0398598 0.0490583 0.205869 0.0192729 0.640823 
0.00261324 0.00043554 0.00043554 0 0.00827526 0.0243902 0.310976 0.00740418 0.64547 
0.0048014 0.00130947 0.00218245 0.000436491 0.00567438 0.0148407 0.297687 0.0126582 0.66041 
0.00262123 0.000436872 0 0 0.00436872 0.0157274 0.295762 0.0109218 0.670162 
0.0100262 0.00305144 0.00305144 0.00305144 0.0148213 0.0124237 0.268963 0.0115519 0.67306 
0.00522421 0.00391815 0.00043535 0.0017414 0.016108 0.0274271 0.254245 0.0108838 0.680017 
0.00738809 0.00564972 0.00347675 0.00434594 0.0152108 0.0234681 0.227727 0.011734 0.701 
0.0139434 0.00261438 0.00087146 0.00566449 0.0248366 0.0183007 0.191721 0.0148148 0.727233 
0.0021796 0.00087184 0 0.00261552 0.00261552 0.0087184 0.224499 0.0104621 0.748038 
0.00217581 0 0.000435161 0.000435161 0.00130548 0.00522193 0.211053 0.0147955 0.764578 
0.00827887 0.00130719 0.00392157 0.00392157 0.0126362 0.0196078 0.179956 0.00958606 0.760784 
0.0134549 0.00737847 0.0112847 0.0401476 0.0214844 0.0342882 0.0197483 0.0201823 0.832031 
0.0238819 0.0199739 0.0277898 0.0208424 0.0208424 0.00825011 0.00911854 0.0290925 0.840208 
0.026053 0.0156318 0.0173687 0.0208424 0.0121581 0.00694746 0.0169344 0.032132 0.851932 
0.0197568 0.00564481 0.0108554 0.0356057 0.0286583 0.0186713 0.0327833 0.0247503 0.823274 
0.0134607 0.00347373 0.00825011 0.00521059 0.0108554 0.00781589 0.0204082 0.0104212 0.920104 
0.016059 0.00954861 0.016059 0.00954861 0.0108507 0.00347222 0.0121528 0.00824653 0.914062 
0.00434783 0.00565217 0.0141304 0.00782609 0.00543478 0.00304348 0.0113043 0.00956522 0.938696 
0.00173762 0.00086881 0.00347524 0 0.00217202 0.000434405 0.00695048 0.000434405 0.983927 
0.00347222 0.000434028 0.000434028 0 0.00303819 0.00217014 0 0.00130208 0.989149 
0.00911458 0.00911458 0.0193142 0.00390625 0.00716146 0.00390625 0.0164931 0.000868056 0.930122 
0.0121528 0.0238715 0.0360243 0.0104167 0.00564236 0.00303819 0.0321181 0.00173611 0.875 
0.0295139 0.0824653 0.0707465 0.00607639 0.00173611 0 0.0104167 0.0104167 0.788628 
0.0670732 0.135017 0.0546603 0.00479094 0.0021777 0.00043554 0.0206882 0.0087108 0.706446 
0.0718328 0.118198 0.0544188 0.00478886 0.00478886 0.00217675 0.0204615 0.0132782 0.710057 
0.0609436 0.0640017 0.0657492 0.0194408 0.00698995 0.00349498 0.0366972 0.0349498 0.707733 
0.0590534 0.0794616 0.0725141 0.0121581 0.00347373 0.00217108 0.0330004 0.0208424 0.717325 
0.0599218 0.143291 0.0464611 0.00607903 0.00303951 0.00130265 0.0416848 0.00781589 0.690404 
0.0803143 0.111305 0.0549978 0.00567438 0.00349192 0.00349192 0.044522 0.0139677 0.682235 
0.0837331 0.100959 0.0702137 0.011775 0.00261666 0.00348888 0.0470999 0.011993 0.66812 
0.147135 0.0544705 0.00390625 0.000868056 0.000434028 0 0.00651042 0.00585938 0.780816 
0.139323 0.0407986 0.00477431 0 0 0 0.000868056 0.00607639 0.80816 
0.104601 0.0668403 0.00434028 0 0 0 0.00173611 0.00477431 0.817708 
0.0950521 0.0894097 0.00564236 0 0 0 0 0.00520833 0.804688 
0.0863715 0.107639 0.0108507 0.000434028 0 0 0.00130208 0.0078125 0.78559 
0.134115 0.0815972 0.00737847 0 0 0 0.00434028 0.00694444 0.765625 
0.136719 0.0347222 0.00173611 0 0.000434028 0 0.000434028 0.0108507 0.815104 
0.125868 0.0664062 0.00737847 0 0 0 0.00260417 0.00347222 0.794271 
0.116753 0.0842014 0.0078125 0 0 0 0.00130208 0.00737847 0.782552 
0.127225 0.0772905 0.00651324 0 0 0 0.00173686 0.00347373 0.78376 
0.136344 0.0544941 0.00521059 0.00130265 0 0 0.00347373 0.0054277 0.793747 
0.121528 0.0659722 0.00651042 0.00130208 0 0 0.000868056 0.00911458 0.794705 
0.125434 0.0512153 0.00434028 0.00173611 0 0 0.000868056 0.0104167 0.80599 
0.16059 0.0416667 0.00824653 0.00130208 0.000434028 0 0.00434028 0.0173611 0.766059 
0.0959201 0.093533 0.0138889 0.00130208 0 0 0.000434028 0.00542535 0.789497 
0.0892314 0.09835 0.034086 0.00217108 0 0 0.00173686 0.00933565 0.765089 
0.0753038 0.124132 0.0588108 0.00390625 0 0 0.00217014 0.00737847 0.728299 
0.121581 0.0653495 0.0143291 0.00347373 0 0.000868432 0.00303951 0.00673035 0.784629 
0.0659722 0.111328 0.0568576 0.00434028 0 0.000434028 0.00260417 0.0062934 0.75217 
0.011734 0.135811 0.121252 0.00478053 0.00260756 0.00173837 0.00347675 0.00239026 0.71621 
0.00347524 0.117289 0.158558 0.00651607 0.00347524 0.00130321 0.00217202 0.00260643 0.704605 
0.0060896 0.139191 0.140061 0.00260983 0.00217486 0 0.000434972 0.00173989 0.707699 
0.0436526 0.0391982 0.0608018 0.02049 0.0229399 0.0329621 0.0561247 0.0213808 0.70245 
0.0117545 0.0152373 0.0148019 0.00827166 0.0143666 0.016108 0.0391815 0.0222029 0.858076 
0.00479303 0.00326797 0.0043573 0.00740741 0.00675381 0.022658 0.0673203 0.0102397 0.873203 
0.00741064 0.00741064 0.00741064 0.00523104 0.0170009 0.059721 0.016129 0.00523104 0.874455 
0.00434405 0.0217202 0.0291051 0.0112945 0.018245 0.0147698 0.0125977 0.0165074 0.871416 
0.0104439 0.0274151 0.0213229 0.01349 0.0158834 0.0208877 0.017624 0.0104439 0.862489 
0.00347222 0.00737847 0.0234375 0.015191 0.0184462 0.0334201 0.0171441 0.00824653 0.873264 
